%YAML:1.0
ft object:
   V: !!opencv-matrix
      rows: 152
      cols: 18
      dt: f
      data: [ -1.65296733e-01, 6.72742724e-02, 1.14707865e-01,
          2.49980175e-10, -2.06561182e-02, 2.22706109e-01,
          2.10934743e-01, 1.45485537e-04, -6.02581501e-02,
          -8.97160321e-02, 3.61761753e-03, 1.53734922e-01,
          2.71166842e-02, -6.13583215e-02, -2.54985541e-02,
          -1.42898023e-01, 2.57187337e-01, 1.83866754e-01,
          -6.72742724e-02, -1.65296733e-01, -2.51060644e-10,
          1.14707865e-01, -1.22538984e-01, 3.01326625e-02,
          -2.70011113e-03, -9.29720029e-02, -6.71513230e-02,
          -3.06433141e-02, -3.96908894e-02, -5.90609619e-03,
          6.53684363e-02, 7.93078914e-02, 1.50601223e-01,
          -9.64548811e-02, -8.79230201e-02, -2.82180831e-02,
          -1.64978012e-01, 1.60028860e-02, 1.14707865e-01,
          1.67695496e-10, 2.53270734e-02, 2.82943130e-01, 1.85433090e-01,
          -2.76991469e-03, -4.79351059e-02, -7.05841035e-02,
          -5.65736741e-03, 1.79270700e-01, -8.29084427e-04,
          -2.00984180e-02, -2.45947596e-02, -1.29610375e-01,
          1.11013524e-01, 1.30474553e-01, -1.60028860e-02,
          -1.64978012e-01, -1.67258707e-10, 1.14707865e-01,
          -6.10226057e-02, 3.56283709e-02, 1.14393961e-02,
          -6.57758564e-02, -7.36983195e-02, -6.77187089e-03,
          -1.07423976e-01, 6.72027934e-03, -2.97039598e-02,
          5.22986166e-02, 1.72483549e-01, -1.71788052e-01,
          -8.22976232e-02, -1.76775753e-01, -1.59681112e-01,
          -3.06803677e-02, 1.14707865e-01, 8.84618628e-11,
          7.67877847e-02, 2.96457142e-01, 1.72974452e-01,
          -2.35849414e-02, -4.76242863e-02, -2.84356903e-02,
          -3.72407841e-03, 1.96132630e-01, -4.92075980e-02,
          -3.33290398e-02, 1.65284518e-02, -7.95221180e-02,
          1.10612832e-01, 3.13192420e-02, 3.06803677e-02,
          -1.59681112e-01, -8.66712535e-11, 1.14707865e-01,
          2.56483629e-02, 7.20966607e-03, 1.62290595e-02,
          -5.23234196e-02, -3.69508564e-02, 8.24707076e-02,
          -1.92846656e-01, -7.57768154e-02, -1.81748327e-02,
          -2.61064600e-02, 1.76115111e-01, -1.24963500e-01,
          -1.64715713e-03, -1.86150938e-01, -1.48966506e-01,
          -7.77749792e-02, 1.14707865e-01, 3.90387896e-12,
          1.86378717e-01, 3.21595222e-01, 1.15472682e-01,
          -6.71817362e-02, -2.37005688e-02, 8.06865394e-02,
          -2.33285632e-02, 1.25999853e-01, -6.79963976e-02,
          1.61488540e-02, 3.97138819e-02, 3.62680815e-02,
          -1.28582902e-02, -2.89813261e-02, 7.77749792e-02,
          -1.48966506e-01, -7.77186854e-13, 1.14707865e-01,
          9.97325405e-02, 1.34701207e-02, 2.91529484e-02,
          -3.47341225e-02, -5.58457859e-02, 2.65940785e-01,
          -2.59514391e-01, -1.68356597e-01, -6.41281065e-03,
          3.81001495e-02, 6.69267997e-02, -4.86643910e-02,
          -5.43506406e-02, -3.32867950e-02, -1.24983452e-01,
          -1.26513779e-01, 1.14707865e-01, -9.47123699e-11,
          2.18742654e-01, 2.54248559e-01, 8.71686488e-02,
          -8.11694488e-02, 4.73411335e-03, 1.52079850e-01,
          -7.04764798e-02, 5.73196635e-02, -1.26373753e-01,
          1.47472285e-02, 1.83713157e-02, 2.25419655e-01,
          -1.46295503e-01, -1.08572312e-01, 1.26513779e-01,
          -1.24983452e-01, 9.91506113e-11, 1.14707865e-01,
          -8.75002816e-02, -4.65706736e-02, 1.02066830e-01,
          6.05236441e-02, -7.89664090e-02, 2.12539718e-01,
          -2.73223817e-01, -7.24841189e-03, -3.00757424e-03,
          4.92012613e-02, 9.06215608e-02, -6.03684597e-03,
          -1.57561377e-01, -7.56926984e-02, -8.93540084e-02,
          -1.57958075e-01, 1.14707865e-01, -1.75696763e-10,
          1.54393271e-01, 1.22770175e-01, 5.33230267e-02,
          -5.43172956e-02, 8.34624562e-03, 1.47304028e-01,
          -8.16880539e-02, -9.32144653e-03, -1.26727447e-01,
          -1.09166622e-01, -3.76515239e-02, 2.31129333e-01,
          -1.40882164e-01, -4.64534014e-02, 1.57958075e-01,
          -8.93540084e-02, 1.80869861e-10, 1.14707865e-01,
          -1.32558048e-01, -7.85667971e-02, 1.51409984e-01,
          8.75093266e-02, -2.43775826e-02, 9.01396126e-02,
          -2.12163001e-01, 1.16112575e-01, 4.97574136e-02,
          -2.09325124e-02, 8.97657648e-02, 6.28254190e-02,
          -1.80205684e-02, 3.88007201e-02, -4.43429351e-02,
          -1.80292770e-01, 1.14707865e-01, -2.50190590e-10,
          4.65878472e-02, -1.77299920e-02, 1.79827753e-02,
          -2.32755169e-02, -9.40392260e-03, 6.96535781e-02,
          -2.76807919e-02, -3.18904705e-02, -6.06299639e-02,
          -9.24565792e-02, -6.55161440e-02, 9.60638896e-02,
          -6.32384326e-03, -1.07153887e-02, 1.80292770e-01,
          -4.43429351e-02, 2.55776872e-10, 1.14707865e-01,
          -9.26939026e-02, -6.77033290e-02, 1.75312445e-01,
          5.94162531e-02, 7.05042109e-02, 7.94345606e-03,
          -1.62956640e-01, 1.75584540e-01, 8.99932608e-02,
          -2.88848579e-02, 8.28993246e-02, 2.05674469e-01,
          6.20619245e-02, 7.30844662e-02, 3.69058293e-03,
          -1.87625960e-01, 1.14707865e-01, -3.03292336e-10,
          -2.17384798e-03, -7.29609057e-02, 2.56418600e-03,
          -1.29727004e-02, -8.79635476e-03, -2.02493602e-03,
          2.61262208e-02, -4.69642167e-04, -3.66701372e-02,
          -3.44651006e-02, -9.57903117e-02, 6.91746771e-02,
          3.58729511e-02, 3.84202749e-02, 1.87625960e-01, 3.69058317e-03,
          3.08830711e-10, 1.14707865e-01, -7.60053694e-02,
          -3.31690088e-02, 1.89642474e-01, 5.18821403e-02,
          1.10499464e-01, -5.57014830e-02, -1.19082995e-01,
          1.93058193e-01, 8.11101422e-02, -3.99677493e-02,
          4.27758060e-02, 2.67212480e-01, 8.45057666e-02, 3.26603577e-02,
          4.96583730e-02, -1.77637532e-01, 1.14707865e-01,
          -3.26908389e-10, -7.83186853e-02, 3.94145958e-03,
          -1.74636357e-02, 4.07699570e-02, -1.76144596e-02,
          4.59692143e-02, -5.94208278e-02, -3.94466296e-02,
          -5.05865663e-02, 8.14230938e-04, -1.17232084e-01,
          -1.74170509e-02, 5.21479137e-02, 1.02710083e-01,
          1.77637532e-01, 4.96583730e-02, 3.31897010e-10, 1.14707865e-01,
          -1.02398530e-01, -6.09843712e-03, 1.97644740e-01,
          8.09084326e-02, 8.68209228e-02, -7.72929862e-02,
          -6.25174046e-02, 2.09290847e-01, 5.30005544e-02,
          -6.17707670e-02, 7.46969180e-03, 2.26257369e-01,
          3.55011672e-02, 1.44517245e-02, 8.52332041e-02,
          -1.52668282e-01, 1.14707865e-01, -3.17610493e-10,
          -2.02142924e-01, 6.96449727e-02, -1.75004825e-02,
          1.19126201e-01, -2.46906839e-02, 3.85124907e-02,
          -1.17135748e-01, -1.28432870e-01, -3.56563628e-02,
          -3.23016569e-02, -1.30014479e-01, -1.65084839e-01,
          1.82827428e-01, 8.92030075e-02, 1.52668282e-01, 8.52332041e-02,
          3.21662919e-10, 1.14707865e-01, -1.55013055e-01,
          2.91787218e-02, 1.96789354e-01, 1.25977054e-01,
          -1.70138404e-02, -8.55793133e-02, 4.55394574e-02,
          1.77074730e-01, 7.58891599e-03, 3.05530690e-02,
          -2.87214480e-02, 9.63292345e-02, -1.06209368e-01,
          -8.41617435e-02, 1.12488709e-01, -1.19925812e-01,
          1.14707865e-01, -2.88713525e-10, -2.71995813e-01,
          1.61077455e-01, -3.77043635e-02, 1.60733491e-01,
          -1.42697748e-02, -2.63553299e-02, -8.05524588e-02,
          -1.51236489e-01, 1.77875941e-03, -3.88665013e-02,
          -1.15838483e-01, -1.74216449e-01, 1.23185553e-01,
          3.70600782e-02, 1.19925812e-01, 1.12488709e-01, 2.91645430e-10,
          1.14707865e-01, -9.62644592e-02, 3.61723043e-02,
          1.50454432e-01, 1.12216435e-01, -3.10264640e-02,
          -1.14651486e-01, 1.83314875e-01, 1.36480466e-01,
          -3.03358864e-02, 4.76110131e-02, -2.32111532e-02,
          3.50465835e-03, -1.46373540e-01, -9.57588926e-02,
          1.29193261e-01, -7.78981969e-02, 1.14707865e-01,
          -2.35876929e-10, -2.38609180e-01, 2.14495480e-01,
          -6.38336539e-02, 1.47711039e-01, 4.71929982e-02,
          -9.08100754e-02, 1.70004589e-03, -1.47489294e-01,
          4.93030697e-02, -4.53472324e-02, -8.47287029e-02,
          -6.17141239e-02, 3.70437019e-02, -8.83511442e-04,
          7.78981969e-02, 1.29193261e-01, 2.37471487e-10, 1.14707865e-01,
          6.37763664e-02, 2.88541266e-03, 8.44808295e-02, 2.56091356e-02,
          -2.58743647e-03, -1.02075525e-01, 2.73195863e-01,
          6.47268742e-02, -9.82499719e-02, -7.10986974e-03,
          -2.59623751e-02, 2.14104354e-03, -8.35925117e-02,
          -2.97775082e-02, 1.39485851e-01, -2.71101370e-02,
          1.14707865e-01, -1.63505057e-10, -1.40114173e-01,
          2.32153624e-01, -1.06385812e-01, 8.62497166e-02,
          9.49631333e-02, -6.26319349e-02, 1.00819126e-01,
          -1.87673271e-01, 1.83690395e-02, -3.09077241e-02,
          -4.60123010e-02, 9.72358361e-02, -2.11036690e-02,
          6.23870688e-03, 2.71101370e-02, 1.39485851e-01, 1.63538086e-10,
          1.14707865e-01, -2.23869104e-02, -3.11835902e-03,
          5.67373335e-02, -7.43201142e-03, -4.93456572e-02,
          -8.32937285e-02, 7.78601989e-02, 1.00714386e-01,
          -2.27256924e-01, 6.03827573e-02, -7.06982538e-02,
          -1.18811153e-01, -1.31834701e-01, -2.95458078e-01,
          1.43883228e-01, 1.92882363e-02, 1.14707865e-01,
          -9.30769420e-11, -8.16387832e-02, 2.36224651e-01,
          -1.13419794e-01, 6.75102919e-02, 7.59393275e-02,
          -2.43432242e-02, 1.10365123e-01, -1.62250772e-01,
          -1.09452344e-02, 2.70065013e-02, -1.76780745e-02,
          1.11053675e-01, -2.54630670e-02, -7.84711912e-02,
          -1.92882363e-02, 1.43883228e-01, 9.17110693e-11,
          1.14707865e-01, -9.51142088e-02, -8.14156327e-03,
          4.10398468e-02, -4.56427485e-02, -8.79935995e-02,
          -4.85425778e-02, -5.11233555e-03, 7.66329765e-02,
          -2.09026828e-01, 1.02350749e-01, -7.71032870e-02,
          -9.08500701e-02, -1.25816971e-01, -2.06971347e-01,
          1.40999287e-01, 6.84657246e-02, 1.14707865e-01,
          -1.19320274e-11, -4.25096191e-02, 2.69807220e-01,
          -1.41987339e-01, 7.71549046e-02, 7.95926377e-02,
          2.53211912e-02, 1.07148170e-01, -1.61493197e-01,
          -6.54050242e-03, -9.20690410e-03, -3.14621180e-02,
          1.80971473e-01, -1.55407205e-01, -1.24172971e-01,
          -6.84657246e-02, 1.40999287e-01, 9.12511646e-12,
          1.14707865e-01, -1.43120900e-01, -2.57035401e-02,
          2.46216990e-02, -9.92705896e-02, -9.63114873e-02,
          2.05089175e-03, -2.34579816e-02, -7.46489875e-03,
          -1.00246213e-01, -4.91955318e-02, -4.27454449e-02,
          7.69470865e-03, 6.99978173e-02, 2.41138469e-02, 1.19044304e-01,
          9.99365672e-02, 1.14707865e-01, 5.73167694e-11,
          -1.80064968e-03, 8.91117528e-02, -1.34425879e-01,
          -5.86910732e-02, -2.73025986e-02, 1.39534622e-01,
          1.99579187e-02, 8.86394754e-02, 1.06931329e-01,
          -7.87491649e-02, -3.20810527e-02, 1.15553755e-02,
          2.20703818e-02, -1.82499811e-01, -9.99365672e-02,
          1.19044304e-01, -6.09348336e-11, 1.14707865e-01,
          -1.34320810e-01, -2.31038295e-02, -4.56752628e-03,
          1.48137696e-02, 2.43456867e-02, 2.42276520e-01,
          -8.48142896e-03, 6.57588840e-02, -2.83387024e-02,
          -1.51321262e-01, -1.08968221e-01, -1.33984521e-01,
          -3.45694870e-02, 1.68617100e-01, 9.28181186e-02,
          1.23049714e-01, 1.14707865e-01, 1.16876037e-10,
          -7.75801670e-03, 4.14938852e-02, -1.03336975e-01,
          -9.44353342e-02, -5.45528121e-02, 1.31224558e-01,
          2.09084433e-02, 1.25659108e-01, 1.53314233e-01,
          -1.35228306e-01, -6.19457709e-03, -5.82716241e-02,
          -8.26512054e-02, -3.90068144e-02, -1.23049714e-01,
          9.28181186e-02, -1.21034044e-10, 1.14707865e-01,
          -7.61991814e-02, -1.22582987e-02, -4.17230688e-02,
          7.89753795e-02, 6.37115985e-02, 1.89165935e-01,
          -2.49583200e-02, 4.64820899e-02, -5.06187640e-02,
          1.52664809e-02, -1.29703134e-01, -6.78141043e-02,
          -3.74744572e-02, 8.57854113e-02, 6.12762794e-02,
          1.22011289e-01, 1.14707865e-01, 1.42382564e-10,
          -2.51842383e-03, 1.34336706e-02, -6.81614503e-02,
          -1.01489648e-01, -7.41095394e-02, 9.29817557e-02,
          -1.18852817e-02, 8.44996572e-02, 1.75547078e-01,
          -8.96975100e-02, -3.47445393e-03, -1.12793170e-01,
          -1.76503748e-01, 2.59694066e-02, -1.22011289e-01,
          6.12762794e-02, -1.46335680e-10, 1.14707865e-01,
          -2.43443549e-02, -1.49690630e-02, -9.26933885e-02,
          9.08396393e-02, 1.08728513e-01, 1.73607051e-01,
          -7.45359284e-04, 3.38748358e-02, -6.44513741e-02,
          8.61788169e-02, -1.17458537e-01, 4.11190614e-02,
          5.56514151e-02, -4.56338115e-02, 3.19975279e-02,
          1.02776863e-01, 1.14707865e-01, 1.36834780e-10, 6.98389951e-03,
          -2.11482346e-02, -5.59050590e-02, -8.26841742e-02,
          -6.08269535e-02, 2.14655846e-02, -1.62081886e-02,
          4.36058156e-02, 1.20424949e-01, -1.76230054e-02,
          1.34860473e-02, -1.03199460e-01, -1.25748411e-01,
          6.83622360e-02, -1.02776863e-01, 3.19975279e-02,
          -1.40056383e-10, 1.14707865e-01, -1.01434225e-02,
          -1.83522180e-02, -1.20644636e-01, 9.35705379e-02,
          1.24586456e-01, 1.52079716e-01, 3.17230145e-03, 3.18816118e-02,
          -8.64288360e-02, 8.12371895e-02, -8.58589634e-02,
          9.85639691e-02, 1.39395893e-01, -1.50489762e-01,
          6.29857406e-02, 1.03805214e-01, 1.14707865e-01, 1.11788995e-10,
          7.07264291e-03, 6.64271181e-03, -8.18932354e-02,
          -1.00163594e-01, -6.28477857e-02, 8.27223808e-02,
          -3.80950794e-03, 7.97373950e-02, 1.54048219e-01,
          -5.21122366e-02, 7.53691001e-03, -8.47743005e-02,
          -1.18991606e-01, -1.38745122e-02, -1.03805214e-01,
          6.29857406e-02, -1.15212159e-10, 1.14707865e-01,
          -3.09946183e-02, -3.26414444e-02, -8.79541785e-02,
          8.25487748e-02, 1.13495715e-01, 2.02880263e-01, 6.09754212e-03,
          4.98849787e-02, -4.26662974e-02, -1.08960827e-04,
          -8.70125294e-02, 8.37742686e-02, 6.99211732e-02,
          2.23273486e-02, 9.15271193e-02, 1.04962341e-01, 1.14707865e-01,
          8.90566787e-11, 9.53441299e-03, 3.46088372e-02,
          -1.18029013e-01, -8.54594633e-02, -4.47589047e-02,
          1.25142023e-01, 7.32555799e-03, 1.02440082e-01, 1.42399788e-01,
          -9.38070193e-02, -4.86543030e-03, -3.11218929e-02,
          -2.34408937e-02, -9.96845439e-02, -1.04962341e-01,
          9.15271193e-02, -9.26717036e-11, 1.14707865e-01,
          -6.67886809e-02, -2.58493964e-02, -5.05174398e-02,
          8.30179155e-02, 9.68575478e-02, 2.32162967e-01,
          -2.16932641e-03, 7.35453740e-02, -2.51041204e-02,
          -6.56752363e-02, -9.68356803e-02, 6.25029067e-03,
          -4.56887372e-02, 1.58458441e-01, -1.25131428e-01,
          9.67217013e-02, 1.14707865e-01, 2.62487199e-10,
          -1.12939011e-02, 4.48984187e-03, 1.11896992e-01,
          1.21453866e-01, 5.81760071e-02, -1.11484028e-01,
          -1.02402136e-01, -1.12738900e-01, -9.97849405e-02,
          1.86722025e-01, 7.20726401e-02, -4.98468988e-02,
          -1.57510176e-01, 1.90346807e-01, -9.67217013e-02,
          -1.25131428e-01, -2.64661848e-10, 1.14707865e-01,
          -9.90966111e-02, -1.78677961e-02, -2.67942194e-02,
          4.00025435e-02, 1.16009541e-01, 7.40685165e-02, 1.67658523e-01,
          1.23170979e-01, 1.36515081e-01, -9.82530564e-02,
          1.73166186e-01, -2.02962384e-01, -1.99941285e-02,
          8.36719126e-02, -9.65818763e-02, 1.19907878e-01,
          1.14707865e-01, 2.74984008e-10, 2.08437555e-02,
          -4.06535789e-02, 7.07784370e-02, 1.29264593e-01,
          9.44609791e-02, -8.32006782e-02, -1.23145461e-01,
          -1.19933575e-01, -1.23990588e-01, 1.88335672e-01,
          9.04035717e-02, 1.74180549e-02, -6.92022592e-02,
          4.93256338e-02, -1.19907878e-01, -9.65818763e-02,
          -2.78003232e-10, 1.14707865e-01, -5.81346825e-02,
          1.07317995e-02, -6.61946014e-02, 1.08151942e-01,
          1.37097836e-01, 3.49998437e-02, 9.03416127e-02, 9.44582596e-02,
          6.88982904e-02, 3.52559760e-02, 9.29301456e-02,
          -1.40454262e-01, -6.62555620e-02, 1.40259946e-02,
          -6.20788746e-02, 1.20543532e-01, 1.14707865e-01,
          2.46282744e-10, 2.09115446e-02, -8.12899768e-02,
          4.41861264e-02, 9.82352868e-02, 9.18070078e-02,
          -3.26494500e-02, -7.68002495e-02, -1.14598714e-01,
          -9.71398801e-02, 1.05228305e-01, 1.09558560e-01,
          2.98003815e-02, 4.65797558e-02, -3.44039202e-02,
          -1.20543532e-01, -6.20788746e-02, -2.49511273e-10,
          1.14707865e-01, -1.55054871e-02, 1.27959950e-02,
          -1.00347869e-01, 1.18132792e-01, 1.68887839e-01,
          6.02318570e-02, 9.32356864e-02, 6.55854121e-02, 1.42063191e-02,
          1.06733039e-01, 3.97212133e-02, -7.45430449e-03,
          6.72634039e-03, -8.41348022e-02, -3.02504748e-02,
          1.02868527e-01, 1.14707865e-01, 1.90596677e-10, 1.98498275e-02,
          -8.31705332e-02, 1.56668555e-02, 7.37198666e-02,
          7.61694238e-02, 3.75448540e-02, -3.30160633e-02,
          -5.19898944e-02, -1.68475080e-02, 3.58107202e-02,
          1.24007173e-01, 1.89022738e-02, 1.02759175e-01,
          -9.62663442e-02, -1.02868527e-01, -3.02504748e-02,
          -1.93477304e-10, 1.14707865e-01, -3.87577130e-03,
          6.30940020e-04, -1.23713240e-01, 1.05270609e-01,
          1.68220624e-01, 5.69674820e-02, 9.94100273e-02, 5.33015467e-02,
          -1.53406058e-02, 9.62589011e-02, 4.00778316e-02,
          6.86439946e-02, 1.23690225e-01, -1.85145810e-01,
          -6.36558458e-02, 1.02921374e-01, 1.14707865e-01,
          2.19453816e-10, 1.14843817e-02, -6.78554252e-02,
          4.89659719e-02, 9.76251066e-02, 8.36982727e-02,
          -2.51672026e-02, -7.54019096e-02, -9.23411772e-02,
          -6.26112670e-02, 1.12036996e-01, 1.17591195e-01,
          -5.93481725e-03, -9.02730320e-03, 1.39948521e-02,
          -1.02921374e-01, -6.36558458e-02, -2.22151575e-10,
          1.14707865e-01, -2.02103145e-02, -7.53351161e-03,
          -1.04579709e-01, 1.14918180e-01, 1.80998489e-01,
          7.93284029e-02, 1.03555791e-01, 8.36068392e-02, 3.81157771e-02,
          4.43628356e-02, 9.07683000e-02, 2.76478808e-02, 9.40525439e-03,
          -4.49079014e-02, -9.46720466e-02, 1.03235006e-01,
          1.14707865e-01, 2.46670268e-10, 6.47692522e-03,
          -3.64744961e-02, 7.88750648e-02, 1.13025382e-01,
          7.43668005e-02, -6.79093748e-02, -1.13353379e-01,
          -1.06582835e-01, -8.53067562e-02, 1.64429396e-01,
          1.01152092e-01, -2.47984659e-02, -1.00661658e-01,
          8.67319703e-02, -1.03235006e-01, -9.46720466e-02,
          -2.49206072e-10, 1.14707865e-01, -4.84814048e-02,
          -1.16345324e-02, -7.11389855e-02, 1.13409452e-01,
          1.71902999e-01, 7.46935457e-02, 1.16232254e-01, 1.18794322e-01,
          8.48529339e-02, -2.87333522e-02, 1.41803026e-01,
          -7.51209930e-02, -7.05939531e-02, 8.20190981e-02,
          -9.85844508e-02, 6.66727424e-02, 1.14707865e-01,
          1.91557603e-10, 9.56889149e-03, -2.21862011e-02,
          8.85290876e-02, 5.55243790e-02, 5.06858341e-02,
          -3.87693308e-02, -3.21982428e-02, -9.57867578e-02,
          9.98768210e-02, -1.68941051e-01, 1.84317678e-02,
          -1.30533557e-02, -1.31042063e-01, 1.19466549e-02,
          -6.66727424e-02, -9.85844508e-02, -1.92988556e-10,
          1.14707865e-01, -9.28317979e-02, 9.70110670e-03,
          -1.64452028e-02, -8.12793374e-02, -3.32067981e-02,
          -1.02562368e-01, 6.36896119e-02, -1.25112629e-03,
          3.52473520e-02, -1.36733323e-03, 1.23337306e-01,
          -1.12968665e-02, -3.69394347e-02, -3.33718285e-02,
          -7.25809559e-02, 8.08793455e-02, 1.14707865e-01,
          1.91884258e-10, 1.78029276e-02, -3.49800512e-02,
          5.66234402e-02, 3.84888574e-02, 4.57392707e-02,
          -4.16709967e-02, -4.37204279e-02, -9.38980803e-02,
          9.79055315e-02, -1.30104348e-01, 3.05690225e-02,
          4.03130893e-03, -2.36174054e-02, -5.19294813e-02,
          -8.08793455e-02, -7.25809559e-02, -1.93879690e-10,
          1.14707865e-01, -5.74935377e-02, 6.81243464e-03,
          -3.99955325e-02, -8.12744945e-02, 1.77451910e-03,
          -1.04871087e-01, 5.83091155e-02, -4.30242307e-02,
          4.58800793e-02, -7.07351863e-02, 9.55599621e-02,
          8.42292234e-02, -1.02102242e-01, -1.87925019e-04,
          -4.51488234e-02, 6.66077361e-02, 1.14707865e-01,
          1.45428614e-10, 1.40440874e-02, -1.39469691e-02,
          4.17013541e-02, 3.32760029e-02, 2.95234136e-02,
          -3.42609845e-02, -3.77956890e-02, -6.82562441e-02,
          1.01670258e-01, -6.15571588e-02, 4.25452041e-03,
          -2.42407597e-03, 8.26152042e-03, -1.21888697e-01,
          -6.66077361e-02, -4.51488234e-02, -1.47152679e-10,
          1.14707865e-01, -6.63398653e-02, 5.80917951e-03,
          -3.93045656e-02, -9.07526165e-02, -3.53631638e-02,
          -1.01894543e-01, 2.37270202e-02, -2.57681441e-02,
          2.13353764e-02, 5.77272195e-03, 5.89106493e-02, 2.04174966e-02,
          1.03933532e-02, 3.24966293e-03, -7.21861124e-02,
          5.78657575e-02, 1.14707865e-01, 1.54733226e-10, 8.99481401e-03,
          -2.51080859e-02, 6.20600730e-02, 4.45601940e-02,
          4.43763174e-02, -3.74115482e-02, -3.02670393e-02,
          -7.67899901e-02, 1.01112314e-01, -1.10083699e-01,
          3.08474135e-02, -5.00739506e-03, -7.07032382e-02,
          -6.52404651e-02, -5.78657575e-02, -7.21861124e-02,
          -1.56049021e-10, 1.14707865e-01, -6.06461316e-02,
          1.01765934e-02, -3.58341113e-02, -8.56341124e-02,
          -5.00828847e-02, -9.85849127e-02, 4.29230146e-02,
          -3.09665482e-02, 3.54600251e-02, 4.13349569e-02,
          7.46412948e-02, 2.54875980e-02, 1.52428076e-02,
          -4.95089702e-02, -7.14182556e-02, 7.04673752e-02,
          1.14707865e-01, 1.74228534e-10, 8.45741015e-03,
          -1.31548261e-02, 5.38310856e-02, 2.93590799e-02,
          3.30400988e-02, -5.29246032e-02, -2.50929464e-02,
          -9.26974043e-02, 1.06119417e-01, -1.36936128e-01,
          4.60859761e-02, 2.34083794e-02, -2.66334992e-02,
          -8.25968757e-02, -7.04673752e-02, -7.14182556e-02,
          -1.75921916e-10, 1.14707865e-01, -6.83181584e-02,
          6.46185316e-03, -3.10569908e-02, -8.26675594e-02,
          -2.51433756e-02, -1.14586525e-01, 3.83177362e-02,
          -3.73853929e-02, 2.99433880e-02, -2.33949479e-02,
          9.19661373e-02, 3.80371213e-02, -2.57818457e-02,
          -1.27378115e-02, 9.58473682e-02, 6.83981627e-02,
          1.14707865e-01, 2.68500309e-11, -7.40759727e-03,
          5.06475642e-02, -9.59237590e-02, -6.58314750e-02,
          -3.52512635e-02, 3.36842053e-02, -6.12877589e-03,
          4.34954353e-02, -3.89850400e-02, 1.40994594e-01,
          1.18035488e-01, 3.06519233e-02, 1.45490214e-01,
          -1.46815255e-02, -6.83981627e-02, 9.58473682e-02,
          -2.94056342e-11, 1.14707865e-01, -1.11362539e-01,
          -7.13662384e-03, 3.53237428e-03, -1.04205869e-01,
          -8.96850750e-02, 3.37053239e-02, -5.26784360e-02,
          -5.38138747e-02, -6.05470575e-02, -4.91540954e-02,
          -6.48641735e-02, 5.24146408e-02, 1.86116230e-02,
          3.65002826e-02, 7.09440187e-02, 8.18853155e-02, 1.14707865e-01,
          6.98728297e-11, -9.02083889e-03, 2.96810828e-02,
          -7.68000782e-02, -6.72977716e-02, -2.99169943e-02,
          4.13097106e-02, -7.06549687e-03, 4.05768193e-02,
          -2.14464925e-02, 9.76578146e-02, 1.42700493e-01,
          1.94193125e-02, 8.98902118e-02, 4.11737449e-02,
          -8.18853155e-02, 7.09440187e-02, -7.26905203e-11,
          1.14707865e-01, -7.30067864e-02, -6.17596973e-03,
          -2.05725133e-02, -9.94646773e-02, -4.29082774e-02,
          -3.42376879e-03, -2.15309411e-02, -7.00231045e-02,
          -2.89221425e-02, -1.10455900e-01, -5.33213615e-02,
          1.31697178e-01, -4.88153622e-02, 4.61152904e-02,
          4.41815518e-02, 6.75117970e-02, 1.14707865e-01, 6.99329067e-11,
          -8.02263897e-03, 1.46730067e-02, -5.94303682e-02,
          -5.81636541e-02, -2.27108113e-02, 2.95257773e-02,
          6.16104761e-03, 2.73233764e-02, -2.33861730e-02,
          6.58730865e-02, 1.36625826e-01, 1.37763005e-02, 2.81444751e-02,
          9.08097178e-02, -6.75117970e-02, 4.41815518e-02,
          -7.21769866e-11, 1.14707865e-01, -7.75723755e-02,
          5.78039419e-03, -2.48295497e-02, -9.66073722e-02,
          -6.92666173e-02, -1.61718559e-02, -3.93599570e-02,
          -4.57629673e-02, -4.19097953e-02, 4.78342082e-03,
          -7.14836046e-02, 5.04827574e-02, 5.39219845e-03,
          1.80507600e-02, 7.11317956e-02, 5.97099811e-02, 1.14707865e-01,
          3.42409538e-11, -3.09950393e-03, 3.59891579e-02,
          -7.96139166e-02, -6.71214014e-02, -2.85944715e-02,
          3.10279112e-02, -4.48520703e-04, 4.80989590e-02,
          -2.82178503e-02, 1.18529588e-01, 1.25790402e-01,
          6.03280962e-03, 7.90953711e-02, 4.08212617e-02,
          -5.97099811e-02, 7.11317956e-02, -3.64027038e-11,
          1.14707865e-01, -7.33535960e-02, 5.81084169e-04,
          -1.80451293e-02, -9.90211219e-02, -9.46478620e-02,
          1.33159449e-02, -3.25231366e-02, -6.15475215e-02,
          -3.86312604e-02, 8.69422033e-03, -7.35126510e-02,
          7.41438344e-02, 4.84307855e-02, 4.17754240e-03, 7.11636916e-02,
          7.12023601e-02, 1.14707865e-01, 5.25958999e-11,
          -5.96348383e-03, 3.17461602e-02, -7.85573870e-02,
          -7.04523474e-02, -2.02585254e-02, 2.30689086e-02,
          7.82364886e-03, 3.28224190e-02, -2.92491820e-02,
          7.72400126e-02, 1.64418906e-01, 4.82738726e-02, 1.00513354e-01,
          5.51726334e-02, -7.12023601e-02, 7.11636916e-02,
          -5.50982975e-11, 1.14707865e-01, -8.35065320e-02,
          -5.51650673e-03, -1.47088189e-02, -1.00197315e-01,
          -7.21991211e-02, -2.18445828e-04, -4.20971215e-02,
          -6.97314888e-02, -4.32734005e-02, -5.14562018e-02,
          -5.84805533e-02, 9.17084292e-02, 1.55384410e-02,
          3.57899219e-02, -1.64285246e-02, 6.91920966e-02,
          1.14707865e-01, 1.24825095e-10, 9.41347238e-03,
          -6.43682107e-02, 1.33771207e-02, 2.01090854e-02,
          7.01511744e-03, -9.19699483e-03, -3.14656757e-02,
          -1.45623169e-03, 2.44177487e-02, -5.44647733e-03,
          6.69520721e-03, -3.10118068e-02, 5.86842448e-02,
          -7.80254602e-02, -6.91920966e-02, -1.64285246e-02,
          -1.26784305e-10, 1.14707865e-01, -1.46022206e-02,
          -4.10027020e-02, -3.23906355e-02, -6.18822761e-02,
          8.03831499e-03, -1.14564843e-01, -1.66512504e-02,
          -4.82732877e-02, 3.20393452e-03, -6.37115464e-02,
          2.51629557e-02, 8.99413377e-02, 2.18613401e-01,
          -3.42443921e-02, -2.04179827e-02, 2.46094316e-02,
          1.14707865e-01, 5.69499135e-11, 1.48005355e-02,
          -1.06908180e-01, 8.95420089e-03, 1.09797670e-03,
          -9.68751963e-03, 1.60795785e-02, -2.09191479e-02,
          -5.10087283e-03, 4.95942980e-02, -1.74245723e-02,
          5.93835115e-03, -4.38316427e-02, 8.47058073e-02,
          -6.14156760e-02, -2.46094316e-02, -2.04179827e-02,
          -5.75662712e-11, 1.14707865e-01, 1.02743573e-01,
          1.12509597e-02, -9.61400494e-02, 2.13015042e-02,
          -2.41127927e-02, -1.41618595e-01, -7.77024329e-02,
          3.49626280e-02, 1.19339071e-01, 7.96413049e-02,
          -8.84699449e-02, -1.76994465e-02, 6.81920275e-02,
          -5.78911277e-04, -4.48611304e-02, -2.64196726e-03,
          1.14707865e-01, 3.44137496e-11, 3.24269235e-02,
          -9.96162072e-02, 5.19142821e-02, 5.07332757e-02,
          -6.68844953e-02, -3.02884472e-03, -2.11981256e-02,
          1.35557633e-02, 8.77096504e-02, -3.80170010e-02,
          -1.70453861e-02, -7.04186931e-02, 2.01594204e-01,
          -2.04946205e-01, 2.64196726e-03, -4.48611304e-02,
          -3.40877812e-11, 1.14707865e-01, 6.81892186e-02,
          5.93023710e-02, -5.64545766e-02, 7.39082769e-02,
          -1.07769899e-01, -8.14845040e-02, -8.61116648e-02,
          5.67883588e-02, 1.21801786e-01, 2.34937921e-01,
          -1.67609915e-01, -1.07685961e-01, -1.21848159e-01,
          -9.27629694e-03, -3.28396074e-02, -2.25352161e-02,
          1.14707865e-01, -7.76046675e-12, 1.98871903e-02,
          -7.54535943e-02, 5.88677116e-02, 4.75581586e-02,
          -9.39301252e-02, 8.65266751e-03, 7.74084497e-03,
          2.96356119e-02, 9.12931561e-02, 9.24617872e-02,
          -1.06568448e-01, -8.34604949e-02, 1.00002155e-01,
          -2.28388965e-01, 2.25352161e-02, -3.28396074e-02,
          8.60942914e-12, 1.14707865e-01, 8.74134749e-02, 5.62407263e-03,
          -5.80514595e-02, 4.78643142e-02, -6.48691505e-02,
          -6.33015484e-02, -1.45250298e-02, -1.12230880e-02,
          9.05462429e-02, 8.31620023e-02, -5.20991646e-02,
          -6.50438364e-04, 7.85022136e-03, 4.98733036e-02,
          5.62006980e-03, -2.91545987e-02, 1.14707865e-01,
          -5.14743526e-11, 1.46104209e-02, -1.22042544e-01,
          -4.90461383e-03, -1.66419167e-02, -9.13817156e-03,
          -1.26860151e-02, 1.86254252e-02, 3.87225561e-02,
          -4.71914373e-03, -1.62985944e-03, -3.64000238e-02,
          -1.55997882e-02, 6.48098765e-03, -6.83341455e-03,
          2.91545987e-02, 5.62006980e-03, 5.23070753e-11, 1.14707865e-01,
          1.41637728e-01, 2.37823110e-02, -1.20708451e-01,
          5.56650013e-02, 9.81166307e-03, -9.91541818e-02,
          -1.00099355e-01, 3.48324664e-02, 6.19586147e-02,
          2.46840194e-02, -7.10011646e-02, 8.16161931e-03,
          -5.43175172e-03, 5.15841171e-02, 3.98004539e-02,
          -2.18730439e-02, 1.14707865e-01, -6.92674321e-11,
          5.79571910e-03, -8.80554542e-02, -6.65277988e-02,
          -6.18940182e-02, 7.61887208e-02, -4.88700271e-02,
          4.71547525e-03, 7.51404616e-04, -9.06541497e-02,
          -6.45643100e-02, 9.05439928e-02, 3.48299509e-03,
          -7.50423297e-02, 1.71949938e-01, 2.18730439e-02,
          3.98004539e-02, 6.96957006e-11, 1.14707865e-01, 7.56082013e-02,
          1.64818799e-03, -5.23242354e-02, 4.18741964e-02,
          -7.12062344e-02, -2.39060186e-02, -5.47156967e-02,
          -3.70743237e-02, 6.84940219e-02, 5.53628579e-02,
          -8.83042812e-02, -1.72482186e-03, 2.77719796e-02,
          5.06410189e-02, 4.93510254e-02, -2.72505963e-03,
          1.14707865e-01, -4.68656988e-11, -1.70779377e-02,
          -2.84883585e-02, -6.15803860e-02, -5.51789105e-02,
          4.61787395e-02, -3.04183010e-02, 2.51553617e-02,
          2.91472320e-02, -5.94823211e-02, 7.16232583e-02,
          1.13013294e-02, -7.65135139e-03, -2.19061047e-01,
          1.81003645e-01, 2.72505963e-03, 4.93510254e-02, 4.66739494e-11,
          1.14707865e-01, 5.90869859e-02, 8.43440220e-02,
          -5.20321801e-02, 6.94832057e-02, -1.18086696e-01,
          -5.30858673e-02, -1.15555003e-01, 2.30675451e-02,
          9.63046104e-02, 2.30786726e-01, -2.01269791e-01,
          -8.19913670e-02, -1.95136547e-01, 1.68059748e-02,
          2.49567851e-02, 2.82830410e-02, 1.14707865e-01, 2.37439044e-11,
          1.80918369e-02, -9.93720144e-02, -2.88805030e-02,
          -1.27267092e-02, 2.89559085e-03, -1.86651517e-02,
          -1.58406347e-02, 2.72261649e-02, -3.92101146e-03,
          2.38562729e-02, 1.16022825e-02, -4.61112224e-02,
          -7.32698385e-03, -2.48853071e-03, -2.82830410e-02,
          2.49567851e-02, -2.47196291e-11, 1.14707865e-01,
          1.01389371e-01, 3.81847541e-03, -1.03910334e-01,
          3.42933345e-03, -3.56750228e-02, -1.15727626e-01,
          -1.10391371e-01, 2.49496643e-02, 1.10863186e-01,
          8.53039995e-02, -1.00683868e-01, -7.65568204e-03,
          9.31046084e-02, -1.23475743e-02, 1.80943906e-02,
          7.05796480e-02, 1.14707865e-01, 9.73093481e-11, 1.23757282e-02,
          -7.06311539e-02, -1.60355642e-02, -4.10886258e-02,
          1.26120495e-03, 2.53685042e-02, -5.51482616e-03,
          -9.54331481e-04, 1.84386820e-02, 1.47367513e-03,
          3.83247472e-02, -1.42768128e-02, 2.05862634e-02,
          2.20172126e-02, -7.05796480e-02, 1.80943906e-02,
          -9.95002830e-11, 1.14707865e-01, -1.45192780e-02,
          -3.67687978e-02, -3.98946479e-02, -6.26872480e-02,
          -4.93602408e-03, -9.61820185e-02, -2.83175688e-02,
          -4.61562015e-02, -5.11484826e-03, -5.21397293e-02,
          5.73207205e-03, 7.72742778e-02, 2.08354354e-01,
          -4.57316376e-02, -1.92170665e-02, -1.49217024e-02,
          1.14707865e-01, -7.31574176e-12, 3.61289061e-03,
          -1.23078264e-01, 4.23741490e-02, 2.77655968e-03,
          -6.17769845e-02, 1.25128021e-02, 5.47262141e-03,
          -1.13027927e-03, 3.81153934e-02, 2.14500297e-02,
          -3.26904543e-02, -6.59918487e-02, 9.89026353e-02,
          -1.35402963e-01, 1.49217024e-02, -1.92170665e-02,
          7.86392566e-12, 1.14707865e-01, 1.46920577e-01, 2.25611795e-02,
          -1.18288338e-01, 4.65359613e-02, 9.76553839e-03,
          -1.25030398e-01, -9.48743746e-02, 3.81836109e-02,
          1.32514387e-01, 3.60343643e-02, -5.27289137e-02,
          4.20203805e-02, -5.84885571e-03, 8.39525387e-02,
          2.95450818e-02, -1.42575083e-02, 1.14707865e-01,
          -4.82530127e-11, 3.11910678e-02, -1.16082542e-01,
          -6.18883744e-02, -3.96887362e-02, 5.09208180e-02,
          -3.35332900e-02, 2.03531818e-04, 4.96880598e-02,
          -1.43028134e-02, -8.91315844e-03, 3.14286090e-02,
          -1.86760235e-03, -7.70223662e-02, 1.03817597e-01,
          1.42575083e-02, 2.95450818e-02, 4.85122845e-11, 1.14707865e-01,
          1.41246259e-01, 7.01462571e-03, -1.12720475e-01,
          4.02521640e-02, 2.66910676e-04, -9.90112722e-02,
          -1.27057895e-01, 2.05496084e-02, 1.13494851e-01,
          1.86951719e-02, -7.16559142e-02, 3.77976447e-02,
          7.71699520e-03, 8.83993730e-02, -5.81411533e-02,
          -7.79130906e-02, 1.14707865e-01, -7.45464593e-11,
          1.08231287e-02, -2.94673666e-02, 1.42961159e-01,
          4.44554426e-02, -1.19081706e-01, 9.12299231e-02,
          2.33557165e-01, -9.19926167e-02, 2.04142436e-01,
          1.42715797e-01, -6.33132607e-02, 1.37500301e-01,
          2.33874507e-02, 4.55356464e-02, 7.79130906e-02,
          -5.81411533e-02, 7.71757727e-11, 1.14707865e-01,
          1.30025102e-02, -1.01802340e-02, 9.48140249e-02,
          4.71281782e-02, -1.15253918e-01, 6.12219013e-02,
          1.53183371e-01, -5.89714460e-02, 8.23498983e-03,
          8.70253593e-02, 2.62564588e-02, -5.10886274e-02,
          -1.65104140e-02, 8.31602141e-02, -3.26500349e-02,
          -6.06753826e-02, 1.14707865e-01, -6.89301324e-11,
          2.42424365e-02, -8.54133442e-02, 5.52976727e-02,
          2.26225443e-02, -7.75000080e-02, 2.73375865e-02,
          1.27299309e-01, -2.09173728e-02, 7.22952262e-02,
          4.13120240e-02, -5.69640808e-02, 8.66575092e-02,
          2.75802147e-02, 1.81063563e-02, 6.06753826e-02,
          -3.26500349e-02, 7.09080156e-11, 1.14707865e-01,
          1.20068967e-01, -7.73635367e-03, -1.41277360e-02,
          1.40471265e-01, -1.32519722e-01, 2.05469318e-03,
          8.77515525e-02, -2.63720974e-02, -6.84364066e-02,
          -1.02546424e-01, 7.37040713e-02, -2.28513684e-02,
          4.10206057e-02, -4.67016222e-03, -8.79942533e-03,
          -5.48121259e-02, 1.14707865e-01, -8.00946115e-11,
          1.29854307e-02, -1.10941947e-01, 1.59653593e-02,
          -1.96360108e-02, -2.95908526e-02, -1.07807561e-03,
          5.09666987e-02, 3.06017678e-02, 7.96740036e-03, 2.61823833e-02,
          -6.77971467e-02, 2.44468376e-02, -7.49313040e-03,
          1.03741065e-02, 5.48121259e-02, -8.79942533e-03,
          8.17670931e-11, 1.14707865e-01, 1.57687217e-01, 5.90468664e-03,
          -6.13242947e-02, 1.78958371e-01, -1.03705227e-01,
          -3.37220840e-02, 2.72330716e-02, -1.18358769e-02,
          -1.02918260e-01, -1.61562696e-01, 5.37391454e-02,
          -3.82835865e-02, 2.06794739e-02, -1.83492023e-02,
          5.81641309e-03, -5.67407981e-02, 1.14707865e-01,
          -9.57684626e-11, 1.18220206e-02, -1.12844743e-01,
          1.35171914e-03, -2.01061144e-02, -1.34557709e-02,
          -1.53823961e-02, 4.42303643e-02, 4.23231944e-02,
          -3.10377255e-02, 8.07895232e-03, -5.71525320e-02,
          7.37670297e-03, -1.00902421e-02, 1.66152362e-02,
          5.67407981e-02, 5.81641309e-03, 9.74173797e-11, 1.14707865e-01,
          1.63938895e-01, -1.38568860e-02, -6.06952272e-02,
          1.72375962e-01, -8.91617388e-02, -3.44817974e-02,
          2.65968069e-02, -2.14709770e-02, -1.13272868e-01,
          -2.15049386e-01, 7.19669834e-02, -3.12381368e-02,
          4.96827289e-02, 7.56979827e-03, 1.87939107e-02,
          -5.38917482e-02, 1.14707865e-01, -1.02389056e-10,
          1.27881663e-02, -1.13045260e-01, -1.35576846e-02,
          -1.61887687e-02, -8.02737568e-03, -2.34701969e-02,
          3.83999199e-02, 4.14700098e-02, -8.35637674e-02,
          -3.15905102e-02, -4.49112989e-02, -1.64709166e-02,
          3.67907737e-03, 1.46698905e-02, 5.38917482e-02, 1.87939107e-02,
          1.03881917e-10, 1.14707865e-01, 1.56981707e-01, 2.42423452e-03,
          -6.20243065e-02, 1.80801585e-01, -1.09384485e-01,
          -2.84874588e-02, 1.65284369e-02, -1.82717200e-02,
          -1.13689139e-01, -1.63172975e-01, 4.66902256e-02,
          -4.97763939e-02, 1.82313714e-02, -2.29112208e-02,
          4.12441418e-02, -5.95650524e-02, 1.14707865e-01,
          -1.30800440e-10, -1.14789149e-02, -7.18625933e-02,
          -4.63464595e-02, -4.10875604e-02, 5.82389832e-02,
          -7.91025683e-02, -1.64019056e-02, 7.76081458e-02,
          -1.54360577e-01, -3.36688720e-02, -5.66198640e-02,
          -6.02483228e-02, -1.29255829e-02, -3.13819922e-03,
          5.95650524e-02, 4.12441418e-02, 1.32337433e-10, 1.14707865e-01,
          1.12762667e-01, -5.79500012e-03, -7.69648934e-03,
          1.55787826e-01, -1.45452306e-01, 3.91435809e-02,
          4.43383902e-02, -5.09477369e-02, -1.16307423e-01,
          -1.28044784e-01, 4.56090942e-02, -7.30289221e-02,
          4.75398898e-02, -8.13746173e-03, 6.18709996e-02,
          -7.53120854e-02, 1.14707865e-01, -1.73754594e-10,
          -1.89518966e-02, 1.10263713e-02, -1.18158728e-01,
          -3.09405103e-02, 9.84526053e-02, -1.45840079e-01,
          -7.90701285e-02, 1.34717882e-01, -2.38491520e-01,
          -1.13538317e-01, -5.89976273e-02, -9.35242772e-02,
          -6.03303052e-02, -2.14189198e-02, 7.53120854e-02,
          6.18709996e-02, 1.75644208e-10, 1.14707865e-01,
          -3.11308051e-03, -1.96243823e-02, 1.14888780e-01,
          5.08938432e-02, -1.44654378e-01, 1.19767308e-01,
          9.49586555e-02, -1.03917420e-01, -4.01761718e-02,
          5.81983589e-02, 2.97863167e-02, -9.25511047e-02,
          -3.11623677e-03, 9.71788540e-02, 4.81018461e-02,
          -9.31589827e-02, 1.14707865e-01, -1.90441635e-10,
          -6.15189038e-03, -3.27755176e-02, -6.43839613e-02,
          -9.06325281e-02, 1.36833951e-01, -1.01699293e-01,
          -3.30046117e-02, 5.97432330e-02, -1.50971696e-01,
          -6.53708279e-02, -9.28182155e-02, -4.30494249e-02,
          -3.21824402e-02, 1.62616633e-02, 9.31589827e-02,
          4.81018461e-02, 1.92936042e-10, 1.14707865e-01, 4.53369915e-02,
          2.33796472e-03, 1.21040329e-01, -8.76627862e-02,
          6.64268956e-02, 8.10905471e-02, 7.90674612e-02,
          -1.24705628e-01, -2.51419339e-02, 5.31797931e-02,
          -2.40414757e-02, -9.07327831e-02, 2.22906191e-02,
          6.05664179e-02, 2.86645647e-02, -1.02873348e-01,
          1.14707865e-01, -1.89238417e-10, 7.93982670e-03,
          -6.75382540e-02, -3.09453234e-02, -6.96457922e-02,
          6.92304447e-02, -4.85134013e-02, 1.70714967e-02,
          4.02383506e-02, -9.53065380e-02, -2.28172820e-02,
          -1.06745027e-01, -1.14470078e-02, -8.47484637e-03,
          1.46360546e-02, 1.02873348e-01, 2.86645647e-02, 1.92127939e-10,
          1.14707865e-01, 9.70904157e-02, 8.84123612e-03, 1.24659926e-01,
          -1.94426060e-01, 2.13675305e-01, 5.28140180e-02,
          6.91747963e-02, -1.36245817e-01, 2.64738593e-02,
          2.86035705e-02, -5.37312366e-02, -6.52596429e-02,
          3.89880165e-02, 4.63116802e-02, 5.57450717e-03,
          -1.05887726e-01, 1.14707865e-01, -1.74172149e-10,
          4.45041619e-03, -8.90758932e-02, -1.68355438e-03,
          -1.89018529e-02, -1.56151550e-02, -1.52312452e-02,
          5.71058206e-02, 3.71909514e-02, -4.21407893e-02,
          2.02489942e-02, -9.16920230e-02, 3.03202886e-02,
          -3.14239487e-02, 1.59588922e-02, 1.05887726e-01,
          5.57450717e-03, 1.77278470e-10, 1.14707865e-01, 1.18997268e-01,
          1.66696720e-02, 1.23264790e-01, -2.25186855e-01,
          2.45465085e-01, 3.69797125e-02, 6.86141625e-02,
          -1.33832619e-01, 5.81363179e-02, 3.10045239e-02,
          -6.97158277e-02, -6.40117005e-02, 5.52511588e-02,
          2.81011295e-02, -2.02799886e-02, -1.04065165e-01,
          1.14707865e-01, -1.48987989e-10, -4.51696524e-03,
          -7.86670595e-02, 3.44512947e-02, 3.79743427e-02,
          -1.05334491e-01, 2.76484638e-02, 9.23740342e-02,
          1.96383093e-02, 1.38660604e-02, 6.57760128e-02,
          -8.38971883e-02, 6.59734756e-02, -4.53163125e-02,
          1.40960347e-02, 1.04065165e-01, -2.02799886e-02,
          1.52183058e-10, 1.14707865e-01, 1.04268543e-01, 1.41499471e-02,
          1.19676806e-01, -1.96589530e-01, 2.20001757e-01,
          3.33592966e-02, 7.95831755e-02, -1.19920790e-01,
          5.36000356e-02, 4.37999666e-02, -5.89742102e-02,
          -6.87996894e-02, 2.92955041e-02, 3.59156504e-02,
          -4.25798595e-02, -9.54934508e-02, 1.14707865e-01,
          -1.16070001e-10, -2.89777224e-03, -5.88559322e-02,
          7.05307722e-02, 8.09845850e-02, -1.70438126e-01,
          6.62626848e-02, 1.59791887e-01, -2.37657558e-02,
          9.22480300e-02, 8.94033909e-02, -6.06142431e-02,
          1.04014739e-01, -4.52812575e-03, 1.78668704e-02,
          9.54934508e-02, -4.25798595e-02, 1.19134244e-10,
          1.14707865e-01, 5.43670282e-02, 9.93415806e-03, 1.11319050e-01,
          -9.11210030e-02, 8.42206478e-02, 3.68884243e-02,
          9.21387449e-02, -8.29008222e-02, 3.49316932e-02,
          7.75205940e-02, -3.49113233e-02, -7.70961940e-02,
          -7.34689133e-03, 4.05604914e-02, -2.31898557e-02,
          -8.37075114e-02, 1.14707865e-01, -1.13918958e-10,
          6.23438787e-03, -5.98539636e-02, 5.57107329e-02,
          1.82577148e-02, -7.53722712e-02, 5.55572882e-02,
          8.75161067e-02, -2.93087810e-02, 4.01012860e-02,
          8.67706537e-02, -7.14460686e-02, 6.72051683e-02,
          -4.94576944e-03, 8.63312371e-03, 8.37075114e-02,
          -2.31898557e-02, 1.16526969e-10, 1.14707865e-01,
          8.42447877e-02, 1.21477619e-02, 9.94044691e-02,
          -6.85212463e-02, 1.36180937e-01, -2.64676567e-02,
          -3.88075900e-03, -2.64171194e-02, 8.38616956e-03,
          3.38400365e-03, -5.93907386e-02, -1.07953228e-01,
          5.26067205e-02, -6.82565421e-02, 5.22858230e-03,
          -8.69224668e-02, 1.14707865e-01, -1.43538653e-10,
          6.61568623e-03, -8.81212801e-02, 9.15807032e-04,
          -1.28768347e-02, -2.22272500e-02, -1.40605597e-02,
          5.27866483e-02, 4.04583849e-02, -4.14764024e-02,
          1.47835501e-02, -6.75173625e-02, 2.88232584e-02,
          -3.47393155e-02, 1.41434986e-02, 8.69224668e-02,
          5.22858230e-03, 1.46085019e-10, 1.14707865e-01, 9.96921435e-02,
          1.68318842e-02, 9.98627171e-02, -9.11597908e-02,
          1.67661920e-01, -2.04107147e-02, -1.58931762e-02,
          -2.17980463e-02, 5.68648335e-03, -1.89993586e-02,
          -8.14047381e-02, -9.22010839e-02, 5.19376099e-02,
          -7.89762661e-02, 3.20928656e-02, -8.26704055e-02,
          1.14707865e-01, -1.59876029e-10, -2.44113198e-03,
          -6.84127584e-02, -5.06246090e-02, -3.82471196e-02,
          6.29133657e-02, -8.06064755e-02, -2.47253589e-02,
          8.72980058e-02, -1.23171665e-01, -5.82871810e-02,
          -6.59888163e-02, -3.35714258e-02, -2.08371095e-02,
          3.84458085e-03, 8.26704055e-02, 3.20928656e-02, 1.62148087e-10,
          1.14707865e-01, 7.29989782e-02, 1.41295334e-02, 1.05073869e-01,
          -6.25132844e-02, 1.16599493e-01, -3.43426969e-03,
          -1.12018054e-02, -4.26048823e-02, -2.23786049e-02,
          7.38176890e-03, -9.44440439e-02, -1.26757935e-01,
          4.71499525e-02, -6.50542974e-02, 3.20016704e-02,
          -7.07344562e-02, 1.14707865e-01, -1.40705558e-10,
          -5.76479081e-03, -7.52512440e-02, -4.97321412e-02,
          -3.31475027e-02, 5.46518303e-02, -7.90473074e-02,
          -1.96711961e-02, 8.64481479e-02, -1.28075078e-01,
          -6.73077330e-02, -5.69823422e-02, -4.01455089e-02,
          -1.05012143e-02, 1.04266098e-02, 7.07344562e-02,
          3.20016704e-02, 1.42624482e-10, 1.14707865e-01, 1.07800812e-01,
          -8.26136395e-03, 2.30115233e-03, 5.88955991e-02,
          -1.20806053e-01, 5.21667711e-02, 8.75474811e-02,
          -8.88832584e-02, -7.89870098e-02, -7.48975128e-02,
          8.87901634e-02, -5.32292324e-05, 3.69608216e-02,
          1.07497133e-01, 5.30683855e-03, -7.13810772e-02,
          1.14707865e-01, -1.18747123e-10, 8.23454466e-03,
          -9.57582816e-02, 2.11094320e-03, -1.55955078e-02,
          -1.96184125e-02, -7.97872711e-03, 4.55487110e-02,
          4.30540033e-02, -3.96245904e-02, 1.34776924e-02,
          -6.69949725e-02, 1.68104116e-02, -2.63179950e-02,
          1.21768368e-02, 7.13810772e-02, 5.30683855e-03, 1.20832608e-10,
          1.14707865e-01, 1.31312504e-01, -1.62232679e-03,
          -2.14167368e-02, 6.75484017e-02, -8.00662637e-02,
          1.01047279e-02, 7.24480376e-02, -5.52305132e-02,
          -7.89723843e-02, -8.50095376e-02, 8.88728127e-02,
          3.00144330e-02, 1.28885759e-02, 1.08978368e-01,
          -2.31130049e-02, -7.16408268e-02, 1.14707865e-01,
          -9.46841147e-11, 1.08773829e-02, -6.48462325e-02,
          5.46180941e-02, 1.20156594e-02, -6.66885152e-02,
          4.74454984e-02, 9.23098847e-02, -2.76954826e-02,
          3.92485522e-02, 7.78734237e-02, -6.97957203e-02,
          6.63384199e-02, 9.95807350e-03, 8.43466632e-03, 7.16408268e-02,
          -2.31130049e-02, 9.69342107e-11, 1.14707865e-01,
          1.13425344e-01, -6.77651167e-03, -5.79470815e-03,
          5.85625693e-02, -1.10886589e-01, 1.27254259e-02,
          1.24929689e-01, -6.68351948e-02, -5.76368235e-02,
          -5.67884780e-02, 1.00111715e-01, 1.70725062e-02,
          1.59390941e-02, 1.25398174e-01, 5.30222896e-03,
          -7.88102746e-02, 1.14707865e-01, -1.30626399e-10,
          6.62777992e-03, -8.80751163e-02, 7.41265074e-04,
          -1.12817427e-02, -2.42129266e-02, -1.18621942e-02,
          5.21361940e-02, 3.78387496e-02, -4.32002209e-02,
          1.68815106e-02, -5.88720255e-02, 2.38249637e-02,
          -3.46422009e-02, 1.61882453e-02, 7.88102746e-02,
          5.30222896e-03, 1.32932013e-10, 1.14707865e-01, 1.09014437e-01,
          7.81357754e-03, 3.53390761e-02, -1.14535755e-02,
          3.03008333e-02, 2.89735181e-04, 3.28511074e-02,
          -2.84388829e-02, -3.94113883e-02, -4.85600717e-02,
          1.91817544e-02, -3.24077606e-02, 1.08258817e-02,
          8.82725324e-03, 6.92879222e-03, 2.49633740e-04, 1.14707865e-01,
          -5.56858943e-12, 2.57136468e-02, -1.69903591e-01,
          -3.36580724e-03, -2.34683026e-02, -7.67660514e-03,
          -3.77656776e-03, -6.47678971e-03, 2.14415640e-02,
          1.72725338e-02, -6.96224067e-03, -1.15609530e-03,
          -4.20660079e-02, 5.49101122e-02, -2.38278732e-02,
          -2.49633740e-04, 6.92879222e-03, 5.52293801e-12,
          1.14707865e-01, 2.07590848e-01, 2.33222097e-02,
          -1.81264907e-01, 5.38626127e-02, 7.62499049e-02,
          -1.40321657e-01, -1.40695229e-01, 7.19809681e-02,
          1.66812375e-01, -2.06615878e-04, -8.15320909e-02,
          1.01399280e-01, -1.89279988e-02, 1.24181956e-01,
          -8.59698951e-02, 7.41588846e-02, 1.14707865e-01,
          1.92666799e-10, 1.36452308e-02, -2.87352242e-02,
          7.27493167e-02, 4.64955047e-02, 4.83315028e-02,
          -4.07654457e-02, -3.61457616e-02, -9.43448693e-02,
          9.89080369e-02, -1.49730951e-01, 2.40339059e-02,
          -4.85213054e-03, -7.78293163e-02, -1.90760251e-02,
          -7.41588846e-02, -8.59698951e-02, -1.94389199e-10,
          1.14707865e-01, -7.51165673e-02, 8.13253317e-03,
          -2.75230501e-02, -8.12550932e-02, -1.61294006e-02,
          -1.02148972e-01, 5.99736609e-02, -2.16671545e-02,
          4.12034765e-02, -3.68309878e-02, 1.08354494e-01,
          3.57210264e-02, -7.04822093e-02, -1.87401287e-02,
          -5.92449121e-02, 7.41239339e-02, 1.14707865e-01,
          1.69592201e-10, 1.57610569e-02, -2.44185682e-02,
          4.99805734e-02, 3.60481888e-02, 3.81127931e-02,
          -3.87912430e-02, -3.96130532e-02, -8.05944428e-02,
          9.97062549e-02, -9.59353074e-02, 1.74028333e-02,
          -5.72775607e-05, -7.55541166e-03, -8.76210332e-02,
          -7.41239339e-02, -5.92449121e-02, -1.71461151e-10,
          1.14707865e-01, -6.20643273e-02, 6.11836370e-03,
          -3.91206630e-02, -8.63938183e-02, -1.72908790e-02,
          -1.02237917e-01, 4.00869474e-02, -3.48132588e-02,
          3.47144455e-02, -3.18840072e-02, 7.73175135e-02,
          5.31329326e-02, -4.52093221e-02, 2.93738884e-03,
          -5.90228215e-02, 6.25857040e-02, 1.14707865e-01,
          1.50945159e-10, 1.13632148e-02, -1.95595305e-02,
          5.18834069e-02, 3.88448648e-02, 3.63684185e-02,
          -3.67126577e-02, -3.37015092e-02, -7.18141645e-02,
          1.01090007e-01, -8.47944692e-02, 1.74409226e-02,
          -3.91821703e-03, -3.30203772e-02, -9.28538889e-02,
          -6.25857040e-02, -5.90228215e-02, -1.52473478e-10,
          1.14707865e-01, -6.34218082e-02, 8.25830735e-03,
          -3.75487208e-02, -8.87213051e-02, -4.34505902e-02,
          -9.99552682e-02, 3.33886407e-02, -2.90526599e-02,
          3.03404126e-02, 2.45061610e-02, 6.67026863e-02, 2.20496599e-02,
          1.13221640e-02, -2.24961173e-02, -8.57535303e-02,
          6.26327470e-02, 1.14707865e-01, 1.74044015e-10, 9.22577083e-03,
          -2.38273628e-02, 7.54508302e-02, 5.01318388e-02,
          4.73886766e-02, -3.89282554e-02, -3.06309871e-02,
          -8.67976174e-02, 1.01099782e-01, -1.39465734e-01,
          2.41146144e-02, -1.01627344e-02, -1.00052983e-01,
          -2.63329949e-02, -6.26327470e-02, -8.57535303e-02,
          -1.75426146e-10, 1.14707865e-01, -7.66335055e-02,
          1.00341691e-02, -2.57634390e-02, -8.34058747e-02,
          -4.20209020e-02, -9.99023989e-02, 5.25076725e-02,
          -1.74021274e-02, 3.58313620e-02, 2.07186434e-02,
          9.94173512e-02, 8.48388486e-03, -1.08979940e-02,
          -4.03320976e-02, 8.30119699e-02, 7.55266249e-02,
          1.14707865e-01, 4.93075754e-11, -7.96137191e-03,
          4.03081700e-02, -8.59927982e-02, -6.61012232e-02,
          -3.28354277e-02, 3.69408727e-02, -4.94771404e-03,
          4.29190584e-02, -2.92347893e-02, 1.18730344e-01,
          1.31010309e-01, 2.53703110e-02, 1.18521489e-01, 1.42979193e-02,
          -7.55266249e-02, 8.30119699e-02, -5.20035126e-11,
          1.14707865e-01, -9.20287371e-02, -6.61849696e-03,
          -8.32887832e-03, -1.02241375e-01, -6.65980503e-02,
          1.67421792e-02, -3.86228934e-02, -6.15901910e-02,
          -4.45729122e-02, -8.10447261e-02, -5.81738949e-02,
          9.25609469e-02, -1.54950190e-02, 4.15166542e-02,
          5.71743138e-02, 7.50936270e-02, 1.14707865e-01, 7.08693867e-11,
          -8.58188048e-03, 2.18426343e-02, -6.75112084e-02,
          -6.27664626e-02, -2.57071853e-02, 3.51503231e-02,
          4.36213362e-04, 3.43838856e-02, -2.25160215e-02,
          8.09006914e-02, 1.39552519e-01, 1.67918354e-02, 5.84640279e-02,
          6.53420016e-02, -7.50936270e-02, 5.71743138e-02,
          -7.34098407e-11, 1.14707865e-01, -7.52499923e-02,
          -2.76981707e-04, -2.30436847e-02, -9.84037220e-02,
          -5.59740514e-02, -8.69113114e-03, -3.03853098e-02,
          -5.88238314e-02, -3.40823457e-02, -5.13367280e-02,
          -6.07971661e-02, 9.07846242e-02, -2.38073543e-02,
          3.23555507e-02, 5.72569706e-02, 6.40020370e-02, 1.14707865e-01,
          5.30568506e-11, -5.75157581e-03, 2.53028031e-02,
          -6.94212094e-02, -6.21620901e-02, -2.54691839e-02,
          2.95758545e-02, 4.37772833e-03, 3.79949510e-02,
          -2.59393714e-02, 9.16240141e-02, 1.31477281e-01,
          8.85879062e-03, 5.37705608e-02, 6.82416484e-02,
          -6.40020370e-02, 5.72569706e-02, -5.52691504e-11,
          1.14707865e-01, -7.56126344e-02, 3.16312280e-03,
          -2.18280368e-02, -9.80832055e-02, -8.27463269e-02,
          -4.13208152e-04, -3.69402915e-02, -5.40367961e-02,
          -4.03817892e-02, 7.47599639e-03, -7.25189298e-02,
          6.27036542e-02, 2.57997084e-02, 1.29484413e-02, 8.31122473e-02,
          6.44418448e-02, 1.14707865e-01, 3.14907440e-11,
          -5.17781358e-03, 4.29434739e-02, -8.72605070e-02,
          -6.69736788e-02, -3.21016349e-02, 3.10738664e-02,
          -2.04316340e-03, 4.77375463e-02, -3.21143344e-02,
          1.30609021e-01, 1.22564860e-01, 1.70378201e-02, 1.11803330e-01,
          1.35083953e-02, -6.44418448e-02, 8.31122473e-02,
          -3.38588289e-11, 1.14707865e-01, -9.24683064e-02,
          -3.08729452e-03, -7.42106559e-03, -1.02331601e-01,
          -9.25785229e-02, 2.46909354e-02, -4.33271527e-02,
          -5.83145246e-02, -5.00180461e-02, -2.06824895e-02,
          -7.05375522e-02, 6.27796501e-02, 3.34223732e-02,
          2.13130452e-02 ]
   e: !!opencv-matrix
      rows: 18
      cols: 1
      dt: f
      data: [ -1., -1., -1., -1., 2.66358745e-03, 1.87836390e-03,
          7.65952456e-04, 5.97868930e-04, 3.68626497e-04, 2.66176939e-04,
          2.24963151e-04, 1.67779799e-04, 1.28169384e-04, 1.19866992e-04,
          1.15440227e-04, 1.01563222e-04, 8.23489900e-05, 7.27420556e-05 ]
   C: !!opencv-matrix
      rows: 44
      cols: 2
      dt: f
      data: [ 0., 1.40129846e-45, 1.40129846e-45, 2.80259693e-45,
          2.80259693e-45, 4.20389539e-45, 4.20389539e-45, 5.60519386e-45,
          5.60519386e-45, 7.00649232e-45, 7.00649232e-45, 8.40779079e-45,
          8.40779079e-45, 9.80908925e-45, 9.80908925e-45, 1.12103877e-44,
          1.12103877e-44, 1.26116862e-44, 1.26116862e-44, 1.40129846e-44,
          1.40129846e-44, 1.54142831e-44, 1.54142831e-44, 1.68155816e-44,
          1.68155816e-44, 1.82168800e-44, 1.82168800e-44, 1.96181785e-44,
          1.96181785e-44, 2.10194770e-44, 2.10194770e-44, 2.80259693e-44,
          2.80259693e-44, 2.24207754e-44, 2.24207754e-44, 2.80259693e-44,
          0., 2.94272678e-44, 2.94272678e-44, 3.08285662e-44,
          3.22298647e-44, 3.08285662e-44, 3.36311631e-44, 3.22298647e-44,
          5.18480432e-44, 5.18480432e-44, 5.18480432e-44, 3.36311631e-44,
          5.18480432e-44, 4.06376555e-44, 6.30584309e-44, 2.52233724e-44,
          2.52233724e-44, 2.38220739e-44, 2.38220739e-44, 2.24207754e-44,
          2.80259693e-44, 2.24207754e-44, 6.30584309e-44, 4.76441478e-44,
          6.72623263e-44, 8.26766094e-44, 8.26766094e-44, 8.12753109e-44,
          8.12753109e-44, 7.98740125e-44, 7.98740125e-44, 7.84727140e-44,
          7.84727140e-44, 7.70714155e-44, 7.70714155e-44, 7.56701171e-44,
          7.56701171e-44, 7.42688186e-44, 7.42688186e-44, 7.28675201e-44,
          7.14662217e-44, 7.14662217e-44, 7.14662217e-44, 7.14662217e-44,
          7.28675201e-44, 7.14662217e-44, 7.14662217e-44, 7.00649232e-44,
          7.00649232e-44, 6.86636248e-44, 6.86636248e-44, 6.72623263e-44 ]
