%YAML:1.0
ft object:
   reference: !!opencv-matrix
      rows: 22
      cols: 1
      dt: f
      data: [ -2.00324211e+01, -1.89095879e+01, 2.13522491e+01,
          -2.21054516e+01, -2.12195301e+00, 9.08547342e-01,
          -1.38393965e+01, 2.49373627e+01, 1.97721291e+00,
          1.99501324e+01, 3.13906288e+00, 3.31710091e+01, 1.63940525e+01,
          2.32884045e+01, 4.87777023e+01, -2.01608524e+01,
          -5.12222939e+01, -1.34059429e+01, 3.75961018e+00,
          5.90016518e+01, -8.18378162e+00, -8.66752548e+01 ]
   n_patches: 11
   patch 0:
      P: !!opencv-matrix
         rows: 11
         cols: 11
         dt: f
         data: [ 5.42736659e-03, 7.27754226e-03, 9.10431519e-03,
             9.53979045e-03, 8.99952650e-03, 8.54753703e-03,
             8.45800061e-03, 8.56649596e-03, 8.75951815e-03,
             9.31994710e-03, 1.12139070e-02, 6.40671933e-03,
             7.23616034e-03, 7.90809374e-03, 7.57604791e-03,
             6.45224703e-03, 5.35351923e-03, 4.81437985e-03,
             4.32478264e-03, 3.58994678e-03, 3.36353481e-03,
             5.25004789e-03, 5.26272319e-03, 4.17860551e-03,
             3.28309648e-03, 2.06032908e-03, 1.64526413e-04,
             -1.67682709e-03, -2.21802853e-03, -1.64468889e-03,
             -6.66780921e-04, 1.74841567e-04, 2.13378202e-03,
             1.05313164e-04, -8.62456975e-04, -1.84415176e-03,
             -4.37837420e-03, -8.02651513e-03, -1.09351659e-02,
             -1.12200733e-02, -8.61774851e-03, -3.97863891e-03,
             6.90228699e-05, 3.11024394e-03, -5.82579849e-03,
             -3.54822725e-03, -3.23051494e-03, -7.80968508e-03,
             -1.46150319e-02, -1.90949421e-02, -1.92363653e-02,
             -1.50249060e-02, -7.54865305e-03, -3.31747637e-04,
             5.09074191e-03, -7.03345239e-03, -1.59596943e-03,
             -1.45329605e-03, -8.01863894e-03, -1.66216642e-02,
             -2.14057229e-02, -2.12454051e-02, -1.64212584e-02,
             -8.32323823e-03, -3.26707959e-04, 6.40717149e-03,
             -6.31328765e-03, 4.18016978e-04, 1.66200498e-05,
             -6.24725269e-03, -1.31670479e-02, -1.60136111e-02,
             -1.49035351e-02, -9.84012429e-03, -2.80687842e-03,
             3.37679568e-03, 8.66048317e-03, -9.10108071e-03,
             -8.27762356e-04, 8.73274170e-04, -1.93335675e-03,
             -4.45739320e-03, -4.06218879e-03, -2.10433430e-03,
             1.62143854e-03, 5.84815117e-03, 9.16682836e-03,
             1.21150417e-02, -1.42253404e-02, -4.54088766e-03,
             1.24518340e-03, 3.98753257e-03, 6.28524972e-03,
             8.58670846e-03, 9.67406295e-03, 1.01709981e-02,
             1.07469540e-02, 1.20070102e-02, 1.47990296e-02,
             -1.79751776e-02, -9.33311973e-03, -1.66985975e-03,
             4.68075741e-03, 9.91884433e-03, 1.27507308e-02,
             1.26841161e-02, 1.08585414e-02, 9.62666608e-03,
             1.09573305e-02, 1.55652938e-02, -2.00146623e-02,
             -1.44873029e-02, -8.80173873e-03, -3.40288621e-03,
             1.57340697e-03, 4.69099451e-03, 5.40307071e-03,
             4.57065040e-03, 5.00114867e-03, 8.63920338e-03,
             1.49643291e-02 ]
   patch 1:
      P: !!opencv-matrix
         rows: 11
         cols: 11
         dt: f
         data: [ -4.17737756e-04, -2.12931680e-03, -3.34394653e-03,
             -4.36644163e-03, -5.93643077e-03, -7.15129590e-03,
             -5.11008501e-03, 1.01786281e-03, 6.68246672e-03,
             1.03532467e-02, 1.38848005e-02, 1.65711332e-03,
             3.82093422e-05, 1.60146010e-04, 4.07962834e-05,
             -2.02735630e-03, -3.71312792e-03, -1.42785371e-03,
             4.64514969e-03, 9.86718852e-03, 1.32885929e-02,
             1.69683378e-02, 2.99460161e-03, 6.22683379e-04,
             -1.79716187e-06, -1.47088117e-03, -5.10689570e-03,
             -7.31958961e-03, -4.42932080e-03, 2.16849917e-03,
             7.52194412e-03, 1.10047804e-02, 1.47366496e-02,
             4.31977445e-03, -1.36336673e-03, -5.97761758e-03,
             -1.04849804e-02, -1.54388361e-02, -1.73096023e-02,
             -1.31571116e-02, -5.01904916e-03, 2.02546548e-03,
             6.71075890e-03, 1.03847235e-02, 6.55612303e-03,
             -2.41826009e-03, -1.09986290e-02, -1.81439072e-02,
             -2.39856020e-02, -2.55822390e-02, -2.04621386e-02,
             -1.05893277e-02, -1.51598768e-03, 4.87963436e-03,
             8.67548026e-03, 8.69166665e-03, -1.08137447e-03,
             -1.15583800e-02, -2.01342274e-02, -2.65827868e-02,
             -2.86940560e-02, -2.37795468e-02, -1.33784758e-02,
             -3.52956005e-03, 4.44649439e-03, 9.41078551e-03,
             1.02352332e-02, 1.69838790e-03, -8.41968972e-03,
             -1.65129155e-02, -2.24381518e-02, -2.50611436e-02,
             -2.17214823e-02, -1.30952056e-02, -3.67564010e-03,
             5.64469025e-03, 1.18586356e-02, 1.25744063e-02,
             6.74605882e-03, -1.00368983e-03, -7.52428826e-03,
             -1.25227589e-02, -1.53197907e-02, -1.36758517e-02,
             -7.64560793e-03, 3.85426451e-04, 9.18956567e-03,
             1.46536333e-02, 1.46634467e-02, 1.28789498e-02,
             8.66948906e-03, 3.64090479e-03, -9.22167383e-04,
             -3.65234632e-03, -2.79314257e-03, 1.33108313e-03,
             6.51255343e-03, 1.15301637e-02, 1.40232733e-02,
             1.41226863e-02, 1.62994247e-02, 1.53009677e-02,
             1.13664437e-02, 6.97329687e-03, 4.73398203e-03,
             5.42285573e-03, 7.87918083e-03, 9.63823497e-03,
             9.90178157e-03, 8.93849134e-03, 1.07779168e-02,
             1.53122731e-02, 1.61136109e-02, 1.29403351e-02,
             8.74342211e-03, 6.96479529e-03, 7.51132797e-03,
             8.34807474e-03, 7.46623846e-03, 4.82700905e-03,
             1.55289622e-03 ]
   patch 2:
      P: !!opencv-matrix
         rows: 11
         cols: 11
         dt: f
         data: [ 1.29807522e-04, 7.99470814e-04, 2.78635765e-03,
             5.80590405e-03, 8.45810212e-03, 9.12574865e-03,
             7.64861889e-03, 5.07575739e-03, 3.20709520e-03,
             2.24270066e-03, 8.84318666e-04, -1.88339851e-03,
             -1.07815617e-03, 8.00872745e-04, 4.52060252e-03,
             8.29270016e-03, 9.71133448e-03, 8.43932945e-03,
             5.61077474e-03, 3.59253399e-03, 2.92764534e-03,
             2.23996816e-03, -2.73507927e-03, -2.15942878e-03,
             -7.13608228e-04, 3.11188004e-03, 7.53387855e-03,
             9.68226418e-03, 8.83360207e-03, 6.39888318e-03,
             4.74231644e-03, 4.42589726e-03, 4.23267530e-03,
             -7.13113113e-04, -1.48808249e-04, 6.51049486e-04,
             3.52728111e-03, 7.46415695e-03, 9.73882806e-03,
             9.54893511e-03, 7.88894668e-03, 6.43085875e-03,
             5.95201459e-03, 5.52747166e-03, 2.67038424e-03,
             3.40109994e-03, 3.49968043e-03, 4.95167449e-03,
             7.66610075e-03, 9.65521857e-03, 9.89034865e-03,
             8.49326979e-03, 6.79746503e-03, 6.27426198e-03,
             5.59384376e-03, 2.68437085e-03, 3.64670693e-03,
             3.47291003e-03, 4.06049518e-03, 5.80279343e-03,
             7.43447943e-03, 7.81462155e-03, 6.37458777e-03,
             4.64951526e-03, 4.27592359e-03, 3.18912230e-03,
             -1.94631005e-03, -6.63059240e-04, -6.98863063e-04,
             -3.82975879e-04, 9.58018762e-04, 2.65734876e-03,
             3.68311116e-03, 2.93961749e-03, 1.50512962e-03,
             6.09788054e-04, -1.76811579e-03, -7.54363323e-03,
             -6.31254632e-03, -6.73836889e-03, -7.07390998e-03,
             -5.99669991e-03, -3.76612647e-03, -1.25656289e-03,
             -3.66789696e-04, -1.47176709e-03, -3.51199880e-03,
             -7.47800246e-03, -1.02005871e-02, -9.69000068e-03,
             -1.11249313e-02, -1.22593502e-02, -1.13072610e-02,
             -8.40305723e-03, -4.39055916e-03, -1.92690548e-03,
             -2.79215793e-03, -6.18650438e-03, -1.16596036e-02,
             -1.07475678e-02, -1.08533232e-02, -1.25115542e-02,
             -1.34056984e-02, -1.21693630e-02, -8.60402174e-03,
             -3.94862331e-03, -1.12156919e-03, -1.82289607e-03,
             -5.73704485e-03, -1.21792126e-02, -1.10718273e-02,
             -1.07898954e-02, -1.11258952e-02, -1.11921942e-02,
             -1.01118367e-02, -6.85907388e-03, -2.90375948e-03,
             -8.76897655e-04, -1.67505164e-03, -5.04885474e-03,
             -1.15351612e-02 ]
   patch 3:
      P: !!opencv-matrix
         rows: 11
         cols: 11
         dt: f
         data: [ 1.90852210e-02, 1.88832581e-02, 1.82695929e-02,
             1.61083229e-02, 1.15791438e-02, 7.15314224e-03,
             5.55019919e-03, 6.65314030e-03, 7.73550710e-03,
             6.06689509e-03, 5.97894890e-04, 1.33424792e-02,
             1.38089946e-02, 1.36015480e-02, 1.15684122e-02,
             7.17104692e-03, 2.71275383e-03, 1.20778417e-03,
             2.35035829e-03, 3.38695222e-03, 1.76692382e-03,
             -4.10878705e-03, 7.73649383e-03, 7.76898675e-03,
             7.66123924e-03, 6.06881455e-03, 2.67562689e-03,
             -3.73569579e-04, -2.78807885e-04, 1.55600021e-03,
             1.98244350e-03, -4.20437602e-04, -7.04306737e-03,
             2.70633260e-03, 2.35523051e-03, 3.19405738e-03,
             2.55951495e-03, -8.78730134e-05, -2.14771577e-03,
             -6.47160923e-04, 2.41204049e-03, 3.29779903e-03,
             1.18917762e-03, -4.98899724e-03, -7.44212826e-04,
             -5.04218217e-04, 1.70096545e-03, 1.70247839e-03,
             -1.28163595e-03, -4.07450600e-03, -3.45036387e-03,
             -9.45586246e-04, -1.53279820e-04, -1.87162485e-03,
             -6.40734611e-03, -1.48418825e-03, -1.08256866e-03,
             1.26753433e-03, 1.19254296e-03, -2.49940739e-03,
             -7.19196908e-03, -9.46153048e-03, -9.78075713e-03,
             -1.10121453e-02, -1.31931230e-02, -1.55665670e-02,
             -1.12922164e-03, -1.09171821e-03, 9.60318372e-04,
             1.25516544e-03, -2.28667306e-03, -7.98264798e-03,
             -1.25837969e-02, -1.61202960e-02, -2.04334389e-02,
             -2.36360580e-02, -2.40604635e-02, -1.37170113e-03,
             -1.42500503e-03, 6.77701843e-04, 2.21112720e-03,
             5.08429308e-04, -3.32164299e-03, -7.50010088e-03,
             -1.28961941e-02, -1.95224378e-02, -2.32804082e-02,
             -2.26320866e-02, -2.12966697e-03, -1.69130764e-03,
             8.26077769e-04, 3.70090478e-03, 4.95685404e-03,
             4.65448573e-03, 2.23789597e-03, -3.74327903e-03,
             -1.14610372e-02, -1.57880746e-02, -1.58303697e-02,
             -3.49989231e-03, -1.30179583e-03, 2.16872944e-03,
             6.23440417e-03, 9.89082828e-03, 1.19007826e-02,
             1.06236096e-02, 5.32404799e-03, -1.79743627e-03,
             -6.92584924e-03, -9.42987669e-03, -6.51857676e-03,
             -1.17937417e-03, 4.23387904e-03, 9.43414494e-03,
             1.40978675e-02, 1.64572150e-02, 1.56440362e-02,
             1.22457929e-02, 7.02364510e-03, 1.53309130e-03,
             -3.05328588e-03 ]
   patch 4:
      P: !!opencv-matrix
         rows: 11
         cols: 11
         dt: f
         data: [ -1.55482786e-02, -1.48239983e-02, -1.37017984e-02,
             -1.22704366e-02, -8.69319774e-03, -3.43908579e-03,
             4.17635049e-04, 4.80291317e-04, -1.28605787e-03,
             -2.22686795e-03, -1.77380047e-03, -1.28880311e-02,
             -1.34749236e-02, -1.37661295e-02, -1.43322535e-02,
             -1.22904647e-02, -7.50637101e-03, -3.29628238e-03,
             -2.38842354e-03, -3.73133505e-03, -3.94710852e-03,
             -1.95781398e-03, -1.16668241e-02, -1.22031663e-02,
             -1.20547386e-02, -1.28208706e-02, -1.17329434e-02,
             -8.12691357e-03, -3.93619575e-03, -1.30900205e-03,
             -1.40926731e-03, -1.48675311e-03, 8.68932635e-04,
             -9.87226143e-03, -9.39811673e-03, -8.15742835e-03,
             -8.31356272e-03, -7.71344081e-03, -5.17737493e-03,
             -1.22750504e-03, 2.50870897e-03, 3.40534979e-03,
             3.19610140e-03, 5.06782252e-03, -6.14931528e-03,
             -4.74974047e-03, -2.84421071e-03, -2.59746285e-03,
             -2.30251276e-03, -5.27997734e-04, 2.26236787e-03,
             5.08142775e-03, 6.72168052e-03, 7.48366723e-03,
             8.96313880e-03, -2.39761826e-03, -2.36273583e-04,
             1.69115525e-03, 1.67104322e-03, 1.19736872e-03,
             1.95109344e-03, 3.36638466e-03, 5.15132025e-03,
             7.71028036e-03, 1.00708520e-02, 1.13798603e-02,
             -2.22339877e-03, 8.47415708e-04, 3.05263116e-03,
             2.55405623e-03, 1.28723553e-03, 1.50862616e-03,
             2.82025523e-03, 4.96941619e-03, 8.47056601e-03,
             1.15981726e-02, 1.27006937e-02, -5.20978402e-03,
             -1.60359021e-03, 1.35888974e-03, 1.47844828e-03,
             3.31987976e-04, 7.04410835e-04, 2.66069057e-03,
             5.67368791e-03, 9.72741004e-03, 1.25843193e-02,
             1.31993387e-02, -7.89176393e-03, -3.57784587e-03,
             5.71028097e-04, 1.97507744e-03, 1.19580934e-03,
             8.83242523e-04, 2.91537354e-03, 6.91935746e-03,
             1.13894632e-02, 1.37983421e-02, 1.38979694e-02,
             -9.15814564e-03, -3.18316836e-03, 2.23441236e-03,
             4.37554950e-03, 3.52752605e-03, 1.99053320e-03,
             3.85606266e-03, 8.73951800e-03, 1.30091859e-02,
             1.49862347e-02, 1.49810212e-02, -1.37250004e-02,
             -6.73343195e-03, 1.97802787e-04, 3.35678109e-03,
             2.24414747e-03, -2.16963381e-04, 1.72033813e-03,
             7.44465971e-03, 1.18358377e-02, 1.42166279e-02,
             1.48439566e-02 ]
   patch 5:
      P: !!opencv-matrix
         rows: 11
         cols: 11
         dt: f
         data: [ -1.31694162e-02, -1.01404069e-02, -8.74609593e-03,
             -1.06493058e-02, -1.39284087e-02, -1.29340207e-02,
             -7.63122831e-03, -3.76264309e-03, -3.25512397e-03,
             -7.10415281e-03, -1.40232015e-02, -1.28398528e-02,
             -1.07126227e-02, -9.04492754e-03, -8.68877023e-03,
             -8.55948776e-03, -6.46632258e-03, -3.76369641e-03,
             -2.52635218e-03, -2.83151236e-03, -4.84164571e-03,
             -7.93817919e-03, -6.87009143e-03, -6.04189001e-03,
             -4.70547844e-03, -3.38976341e-03, -1.18191645e-03,
             1.62365800e-03, 2.60168617e-03, 2.37003155e-03,
             2.05043820e-03, 2.55102315e-03, 3.07567604e-03,
             1.67839252e-03, 1.67353300e-03, 3.14126094e-03,
             4.53049550e-03, 6.42497046e-03, 8.96851066e-03,
             9.77657735e-03, 9.38109402e-03, 8.97042546e-03,
             1.04322946e-02, 1.26325460e-02, 6.08636765e-03,
             5.27944323e-03, 7.12134270e-03, 9.04484279e-03,
             1.00066001e-02, 1.16080185e-02, 1.24287782e-02,
             1.21586900e-02, 1.14585152e-02, 1.25654824e-02,
             1.54975504e-02, 6.62845606e-03, 3.59666417e-03,
             4.25901124e-03, 6.68177335e-03, 7.79119553e-03,
             9.09514632e-03, 1.03058461e-02, 1.10908067e-02,
             1.13247223e-02, 1.25492839e-02, 1.57865398e-02,
             6.69807568e-03, 1.76984537e-03, 6.29635324e-05,
             2.02191691e-03, 4.65063751e-03, 7.08058756e-03,
             8.79572053e-03, 1.00137535e-02, 1.09236212e-02,
             1.24969305e-02, 1.53957522e-02, 4.29452630e-03,
             4.14526759e-04, -2.21307925e-03, -1.05955871e-03,
             2.31065857e-03, 5.11621078e-03, 6.45362493e-03,
             6.86357962e-03, 7.64464354e-03, 9.94390249e-03,
             1.26477145e-02, 1.19890179e-03, -7.56915251e-04,
             -3.80514655e-03, -4.47988417e-03, -2.54755351e-03,
             -5.32380538e-04, 7.18457915e-04, 1.07482367e-03,
             2.22924282e-03, 5.04785962e-03, 7.45757204e-03,
             -2.18037912e-03, -4.09349054e-03, -8.10501259e-03,
             -1.13525502e-02, -1.16159627e-02, -9.82330833e-03,
             -7.72541203e-03, -6.58907555e-03, -4.86514764e-03,
             -2.41559371e-03, -8.47143063e-04, -7.74320168e-03,
             -1.05012320e-02, -1.51348375e-02, -2.01521143e-02,
             -2.18873471e-02, -1.96500607e-02, -1.66296903e-02,
             -1.54317887e-02, -1.42685920e-02, -1.30157834e-02,
             -1.24017894e-02 ]
   patch 6:
      P: !!opencv-matrix
         rows: 11
         cols: 11
         dt: f
         data: [ -3.57591501e-03, -7.15021626e-04, 1.82556105e-03,
             5.01229241e-03, 7.48563698e-03, 8.23091529e-03,
             7.91367888e-03, 6.62275823e-03, 4.80018603e-03,
             4.05280711e-03, 5.03944699e-03, -3.70245799e-03,
             1.06455605e-04, 2.99355388e-03, 5.22932317e-03,
             6.74678944e-03, 7.03289825e-03, 5.86393895e-03,
             3.35005741e-03, 5.89697738e-04, -9.42962826e-04,
             -5.82901470e-04, -6.18637167e-03, -1.84663397e-03,
             1.90241355e-03, 4.69429046e-03, 6.16974104e-03,
             6.66901236e-03, 5.59394294e-03, 2.49493821e-03,
             -9.36503115e-04, -3.15479143e-03, -3.77092115e-03,
             -8.92358180e-03, -5.92537131e-03, -2.37331633e-03,
             1.37565960e-03, 3.79243144e-03, 5.24775079e-03,
             4.92992299e-03, 2.05986039e-03, -1.17196806e-03,
             -3.16410698e-03, -3.89203778e-03, -1.13776177e-02,
             -1.17542604e-02, -1.06571196e-02, -7.28354836e-03,
             -3.48702190e-03, 2.59983732e-04, 2.09921785e-03,
             8.46507959e-04, -1.18724548e-03, -2.37661158e-03,
             -2.77123158e-03, -1.39491288e-02, -1.71650182e-02,
             -1.91063490e-02, -1.76756177e-02, -1.34366872e-02,
             -6.66944683e-03, -1.18941662e-03, 3.54506919e-04,
             4.62652279e-05, -2.36887252e-04, -1.28365285e-03,
             -1.61158275e-02, -1.83152687e-02, -2.07216442e-02,
             -2.05581989e-02, -1.67825930e-02, -8.46062694e-03,
             -5.99723717e-04, 2.86769029e-03, 3.62030533e-03,
             3.39052035e-03, 5.78038336e-04, -1.60889868e-02,
             -1.34572778e-02, -1.40077220e-02, -1.41152190e-02,
             -1.08327884e-02, -2.67357239e-03, 5.01434272e-03,
             8.28002300e-03, 8.35613534e-03, 6.07018499e-03,
             4.08946595e-04, -1.20903794e-02, -4.61691152e-03,
             -3.26754292e-03, -3.43601010e-03, -6.07953174e-04,
             6.37155771e-03, 1.21247852e-02, 1.32884309e-02,
             1.11493198e-02, 6.05413038e-03, -2.40318128e-03,
             -5.68154547e-03, 3.80631653e-03, 5.71523141e-03,
             5.65820886e-03, 8.65050033e-03, 1.44633390e-02,
             1.77251194e-02, 1.59443114e-02, 1.10164676e-02,
             4.06467123e-03, -6.11308822e-03, -2.33208484e-04,
             8.66281334e-03, 1.06079234e-02, 1.13892192e-02,
             1.50535246e-02, 1.95783377e-02, 2.00793389e-02,
             1.56001924e-02, 8.24206229e-03, -1.35294205e-04,
             -1.14744185e-02 ]
   patch 7:
      P: !!opencv-matrix
         rows: 11
         cols: 11
         dt: f
         data: [ -8.85028113e-03, -8.59661866e-03, -1.27212079e-02,
             -1.41283739e-02, -1.36582619e-02, -1.85385458e-02,
             -2.63255704e-02, -2.75003240e-02, -2.44643409e-02,
             -2.26962660e-02, -2.10724436e-02, -2.31406465e-03,
             -1.46060938e-03, -3.92585900e-03, -3.40822642e-03,
             -1.68750843e-03, -6.85975607e-03, -1.63201671e-02,
             -1.97416581e-02, -1.79669969e-02, -1.69726629e-02,
             -1.64975580e-02, -1.16658723e-03, -1.90496343e-04,
             -9.94416187e-04, 1.43048586e-03, 4.74499119e-03,
             1.62471505e-03, -6.14996860e-03, -9.90180485e-03,
             -9.27635748e-03, -9.39253531e-03, -1.04480097e-02,
             -3.06095323e-03, -1.77792762e-03, -1.85268198e-03,
             1.10858958e-03, 5.60308900e-03, 5.63080469e-03,
             1.36916828e-03, -1.05986174e-03, -6.57393306e-04,
             -1.30502973e-03, -3.25187133e-03, -4.55229217e-03,
             -3.07357474e-03, -3.44064832e-03, -5.70872275e-04,
             5.08836145e-03, 7.26272631e-03, 5.04764915e-03,
             4.12545493e-03, 5.28693153e-03, 4.92382981e-03,
             2.88465316e-03, -2.88716168e-03, -2.67864345e-03,
             -4.81689163e-03, -2.40418478e-03, 4.60379338e-03,
             7.77942175e-03, 5.87049033e-03, 5.84246824e-03,
             7.96224643e-03, 8.03687330e-03, 6.20472152e-03,
             1.72063382e-03, -8.46995565e-04, -5.29696979e-03,
             -3.28705413e-03, 4.37221769e-03, 7.36665633e-03,
             5.30081894e-03, 5.91316866e-03, 8.78025033e-03,
             9.05436929e-03, 7.62121100e-03, 6.35728147e-03,
             1.56040536e-03, -3.53279687e-03, -1.43727416e-03,
             5.41613018e-03, 7.02807354e-03, 4.63411398e-03,
             5.73120220e-03, 8.94330163e-03, 9.23301559e-03,
             8.40829499e-03, 7.99507741e-03, 3.59011441e-03,
             5.36486623e-04, 2.68345606e-03, 7.20696244e-03,
             6.87148748e-03, 4.38415911e-03, 5.92310168e-03,
             8.98527075e-03, 9.39413533e-03, 9.54053737e-03,
             4.99217864e-03, 3.16973263e-03, 3.72181903e-03,
             5.69434324e-03, 7.46994559e-03, 5.77636762e-03,
             3.94817162e-03, 6.12196373e-03, 9.06545669e-03,
             1.00606363e-02, 1.12539288e-02, -1.89865730e-03,
             -4.98832669e-04, 3.35970963e-03, 5.05676400e-03,
             5.08719962e-03, 3.54157947e-03, 3.17784073e-03,
             6.01434847e-03, 9.19749122e-03, 1.09660765e-02,
             1.27595365e-02 ]
   patch 8:
      P: !!opencv-matrix
         rows: 11
         cols: 11
         dt: f
         data: [ -6.08896557e-03, -5.87726245e-03, -4.70781280e-03,
             -5.32931183e-03, -1.09774955e-02, -1.85850207e-02,
             -2.40150932e-02, -2.39667445e-02, -2.05753818e-02,
             -2.27982830e-02, -3.52858156e-02, -4.54521272e-03,
             -4.32187365e-03, -3.39951180e-03, -3.35830217e-03,
             -6.55209413e-03, -1.20346099e-02, -1.70125384e-02,
             -1.71405189e-02, -1.23430956e-02, -1.13009447e-02,
             -2.11072937e-02, -2.90968991e-03, -2.55350210e-03,
             -2.01536599e-03, -1.70503126e-03, -1.54290209e-03,
             -3.43239703e-03, -8.73911101e-03, -1.19435620e-02,
             -8.61306395e-03, -6.45009195e-03, -1.28136473e-02,
             -2.05683173e-03, -1.36720564e-03, -9.64361359e-04,
             -4.29597654e-04, 2.94949417e-03, 5.76775102e-03,
             1.52647868e-03, -4.86744847e-03, -5.01537882e-03,
             -3.96158360e-03, -9.38206166e-03, -1.80500129e-03,
             -1.17350451e-03, -8.41944187e-04, 3.66183158e-05,
             5.21892030e-03, 1.16727240e-02, 1.05657540e-02,
             3.98847740e-03, 5.85191476e-04, -9.58731282e-04,
             -7.43713276e-03, -1.87615724e-03, -1.67462905e-03,
             -1.38693873e-03, 2.33757892e-05, 5.35580982e-03,
             1.29119605e-02, 1.53524764e-02, 1.19132642e-02,
             7.94460066e-03, 4.38075932e-03, -3.72491777e-03,
             -1.92320102e-03, -1.99660682e-03, -1.68008835e-03,
             6.84976330e-05, 4.62829648e-03, 1.08967042e-02,
             1.54014537e-02, 1.61947906e-02, 1.41085740e-02,
             1.01006208e-02, 1.19640282e-03, -1.54682214e-03,
             -1.75930373e-03, -1.54992449e-03, -1.67582213e-04,
             3.37990071e-03, 7.69396033e-03, 1.22251026e-02,
             1.63802952e-02, 1.73011776e-02, 1.44625604e-02,
             6.36837073e-03, -1.24523661e-03, -1.48466707e-03,
             -1.43227098e-03, -7.03576952e-04, 1.69007597e-03,
             4.45075519e-03, 7.76638510e-03, 1.33435037e-02,
             1.73223335e-02, 1.71571411e-02, 1.17931608e-02,
             -1.83435145e-03, -2.08521704e-03, -1.92042987e-03,
             -1.37482304e-03, 2.84596492e-04, 2.40213540e-03,
             4.66097333e-03, 9.51082166e-03, 1.47203216e-02,
             1.69488173e-02, 1.48607567e-02, -2.72015994e-03,
             -3.21498048e-03, -3.08195222e-03, -2.43258034e-03,
             -5.60739019e-04, 2.41746544e-03, 4.46286798e-03,
             7.49948574e-03, 1.12014236e-02, 1.29308961e-02,
             1.16596539e-02 ]
   patch 9:
      P: !!opencv-matrix
         rows: 11
         cols: 11
         dt: f
         data: [ 3.26770521e-03, 1.24206126e-03, 1.14593469e-03,
             1.08921807e-03, 1.18436594e-03, 3.65080032e-03,
             8.07787199e-03, 1.06357345e-02, 1.08778933e-02,
             1.15037300e-02, 1.25959581e-02, 4.39048698e-03,
             2.67397892e-03, 3.88770923e-03, 5.13647776e-03,
             5.38663194e-03, 7.09705986e-03, 9.83137637e-03,
             1.12831257e-02, 1.13093099e-02, 1.11937737e-02,
             1.27241118e-02, 3.64364381e-03, 1.17523223e-03,
             2.29016645e-03, 3.84409167e-03, 4.03006701e-03,
             5.86811593e-03, 7.67501630e-03, 7.74624478e-03,
             8.18173215e-03, 8.95998906e-03, 1.01822987e-02,
             2.41413177e-03, 6.26491747e-05, 8.25178926e-04,
             1.78927754e-03, 1.54889014e-03, 2.79621803e-03,
             4.19755327e-03, 3.83658917e-03, 3.86890164e-03,
             5.42400917e-03, 7.22495280e-03, 6.35265664e-04,
             -3.96157586e-04, 8.82456789e-06, -2.75554397e-04,
             -1.66889664e-03, -1.01686921e-03, 7.76507310e-04,
             4.43981786e-04, -4.96556284e-04, 8.96314159e-04,
             3.42230336e-03, -1.33585650e-03, -1.45961705e-03,
             -2.08410714e-03, -3.48137785e-03, -5.99268731e-03,
             -6.05127169e-03, -3.87626560e-03, -3.27522797e-03,
             -3.74780106e-03, -2.93028890e-03, -3.82139056e-04,
             -5.61905093e-03, -4.22159163e-03, -4.12659906e-03,
             -6.03053719e-03, -9.30265430e-03, -1.06981471e-02,
             -9.33246780e-03, -7.75556453e-03, -6.59500388e-03,
             -5.40929288e-03, -3.86170694e-03, -9.69276484e-03,
             -6.26973389e-03, -3.61678842e-03, -4.83365729e-03,
             -8.55073053e-03, -1.11602917e-02, -1.11181587e-02,
             -1.01220803e-02, -9.19772591e-03, -8.39189999e-03,
             -8.06659088e-03, -8.16052034e-03, -3.50245950e-03,
             4.03001090e-04, -3.16317426e-04, -4.06539394e-03,
             -7.20024528e-03, -8.25494993e-03, -8.87684152e-03,
             -9.70789697e-03, -1.00124339e-02, -1.02871591e-02,
             -1.23684329e-03, 2.83836084e-03, 5.71268145e-03,
             4.56713745e-03, 1.76035636e-03, -4.74228436e-04,
             -1.98000460e-03, -3.68936546e-03, -6.25979248e-03,
             -8.03016964e-03, -8.17974471e-03, 4.09187842e-03,
             6.71164924e-03, 9.25894082e-03, 8.94115306e-03,
             7.88240321e-03, 6.27766596e-03, 4.06319508e-03,
             1.42534380e-03, -2.43705860e-03, -5.92057547e-03,
             -6.84334105e-03 ]
   patch 10:
      P: !!opencv-matrix
         rows: 11
         cols: 11
         dt: f
         data: [ -1.82805303e-02, -1.44045437e-02, -1.22168483e-02,
             -1.15251262e-02, -1.05753718e-02, -8.95866007e-03,
             -7.98272528e-03, -8.21570866e-03, -1.06968600e-02,
             -1.42808724e-02, -1.42218685e-02, -3.30482656e-03,
             -9.74038499e-04, -1.84297864e-03, -5.10118529e-03,
             -7.33751943e-03, -7.33846705e-03, -5.93716512e-03,
             -4.23991494e-03, -5.40002016e-03, -9.75413993e-03,
             -1.26455892e-02, 4.38660197e-03, 5.24835847e-03,
             2.20951322e-03, -3.92321171e-03, -8.60390998e-03,
             -9.51436907e-03, -7.10362196e-03, -3.29806097e-03,
             -1.57619559e-03, -3.27834906e-03, -6.18822407e-03,
             3.23048723e-03, 4.44602827e-03, 2.32329569e-03,
             -3.90392006e-03, -9.37699713e-03, -1.00337202e-02,
             -5.97017258e-03, -8.67033901e-04, 2.51737912e-03,
             4.05267673e-03, 3.70830321e-03, -2.33262312e-03,
             -4.66451165e-04, -1.06124172e-03, -5.38146868e-03,
             -9.00986698e-03, -8.21249560e-03, -3.72249004e-03,
             1.12504733e-03, 4.75713145e-03, 7.53429066e-03,
             9.52950586e-03, -8.36657826e-03, -6.63995184e-03,
             -6.44559786e-03, -8.25120136e-03, -9.16813407e-03,
             -7.76272221e-03, -4.34457045e-03, 6.51385926e-05,
             4.08833753e-03, 7.03042373e-03, 1.00606056e-02,
             -1.14321932e-02, -1.00056930e-02, -9.16405581e-03,
             -8.53777863e-03, -7.43280211e-03, -5.82207739e-03,
             -3.42922984e-03, -4.96733061e-04, 2.80241505e-03,
             6.18593115e-03, 9.91244055e-03, -9.70890280e-03,
             -8.47177301e-03, -7.08102155e-03, -5.02276421e-03,
             -2.79844273e-03, -4.63492703e-04, 1.35286653e-03,
             1.72035873e-03, 2.86098989e-03, 6.39688503e-03,
             1.03913108e-02, -2.53051496e-03, -1.13138615e-03,
             1.60463329e-04, 1.99039862e-03, 3.77893983e-03,
             5.62370429e-03, 6.49630185e-03, 4.74942289e-03,
             3.05129983e-03, 4.82911197e-03, 8.18072259e-03,
             8.19884054e-03, 1.02698533e-02, 1.08854780e-02,
             1.12629235e-02, 1.18114948e-02, 1.23515464e-02,
             1.17800357e-02, 8.57452024e-03, 4.78038238e-03,
             4.12237085e-03, 5.85622806e-03, 1.82169341e-02,
             2.13031657e-02, 2.19191220e-02, 2.17337664e-02,
             2.18042843e-02, 2.15076897e-02, 1.96184218e-02,
             1.52270831e-02, 1.02921175e-02, 7.67437182e-03,
             7.58299278e-03 ]
